1073888 1073888 25.1172
1891151 1891151 21.3726
1619044 1619044 24.7093
5533300 5533300 36.072
2059263 2059263 30.5619
1614545 1614545 31.5373
4358710 4358710 32.4454
4312072 4312072 30.6157
4787016 4787016 23.4503
3332623 3332623 26.0771
3307257 3307257 28.0612
5086862 5086862 29.0079
1039214 1039214 26.3245
1864404 1864404 25.575
2243095 2243095 31.4409
2310328 2310328 38.5157
3411089 3411089 33.9428
1696598 1696598 33.9394
1463009 1463009 34.1739
5895867 5895867 30.6122
5351598 5351598 25.3685
4563410 4563410 23.8585
3925331 3925331 NA
1212488 1212488 23.7392
4933534 4933534 30.7422
2398257 2398257 26.0272
3538637 3538637 26.329
1606653 1606653 25.5864
4697145 4697145 26.9972
2440457 2440457 29.0698
5345030 5345030 24.4498
3574679 3574679 37.0785
1334096 1334096 25.7706
5345702 5345702 25.2363
2489324 2489324 28.8053
4733208 4733208 32.6992
4414892 4414892 25.0361
5411944 5411944 26.2493
2310167 2310167 31.9429
5405880 5405880 32.3066
5805731 5805731 28.1153
4440412 4440412 34.4781
3832095 3832095 20.4125
2292629 2292629 25.0675
3510374 3510374 33.3029
4444587 4444587 30.6513
2432973 2432973 42.6407
2231826 2231826 25.5937
2265656 2265656 25.0298
4716231 4716231 32.0091
5491502 5491502 26.5731
5152917 5152917 24.4898
3071980 3071980 25.9909
3922791 3922791 29.3861
2736479 2736479 30.3763
3825436 3825436 24.5234
4008650 4008650 37.7855
5722733 5722733 26.1619
5895224 5895224 25.9795
3661484 3661484 25.8541
3884460 3884460 29.3181
2382031 2382031 31.3092
1842869 1842869 32.5176
2061032 2061032 22.8772
5343592 5343592 28.6505
3151900 3151900 28.9338
4114648 4114648 29.2734
5189895 5189895 24.0166
5823829 5823829 29.7608
5394357 5394357 25.4437
3728184 3728184 28.1796
4657045 4657045 29.2314
4304026 4304026 27.7651
5208831 5208831 25.9242
5724851 5724851 20.7564
4912178 4912178 29.9577
3658101 3658101 22.3732
1025549 1025549 32.5413
1543796 1543796 31.6032
5467117 5467117 22.0616
1697987 1697987 31.2591
4944743 4944743 26.5338
4999491 4999491 33.2777
1442354 1442354 24.4627
1257417 1257417 28.5573
5361701 5361701 20.3876
4502852 4502852 24.539
3700179 3700179 30.4327
4029885 4029885 26.9143
2198328 2198328 29.3897
3530848 3530848 23.045
1597642 1597642 33.2391
1230693 1230693 26.6749
4779841 4779841 41.6518
5899047 5899047 NA
2929974 2929974 31.5221
5769946 5769946 27.7736
4480917 4480917 42.3305
1240346 1240346 28.0157
1207643 1207643 23.5636
4690784 4690784 38.4554
5131948 5131948 28.4766
3023426 3023426 36.5234
5398819 5398819 26.8871
5199786 5199786 32.2087
2273992 2273992 36.4204
3916214 3916214 32.3231
2229516 2229516 25.1824
2535424 2535424 31.9295
4605621 4605621 28.3599
1637841 1637841 29.8056
5775750 5775750 21.9651
1286816 1286816 31.1604
3594705 3594705 25.9233
1696547 1696547 32.2123
1793536 1793536 25.622
3442935 3442935 32.274
3575749 3575749 27.0168
4169033 4169033 39.3021
4196354 4196354 29.1104
1255150 1255150 26.8148
2305046 2305046 30
5378260 5378260 NA
4532639 4532639 24.0377
2326178 2326178 NA
5851007 5851007 27.7634
5091541 5091541 33.9919
1434090 1434090 29.9577
5433916 5433916 31.0547
2586208 2586208 30.3461
5646009 5646009 25.3811
5245794 5245794 24.9634
3490827 3490827 31.6406
4015489 4015489 28.683
3520596 3520596 31.1765
3436235 3436235 28.666
5989373 5989373 22.4323
2552899 2552899 37.3356
2749880 2749880 25.8726
5470645 5470645 21.0893
1218353 1218353 30.302
1637885 1637885 31.7969
3219926 3219926 24.4727
1864645 1864645 40.8984
5517603 5517603 27.5652
5716123 5716123 35.2984
1231713 1231713 28.9008
4028022 4028022 29.0914
3895342 3895342 31.6081
1961164 1961164 27.4004
4584974 4584974 32.9879
1443343 1443343 37.5087
1148316 1148316 30.5468
3734196 3734196 34.1803
5589497 5589497 27.301
2058538 2058538 31.9818
5655661 5655661 26.4062
3647106 3647106 35.2375
3683043 3683043 21.6343
5923953 5923953 32.1427
4025201 4025201 28.8407
1552861 1552861 28.6048
1124802 1124802 33.1079
3073264 3073264 32.2133
1070987 1070987 30.1479
2878409 2878409 30.8261
4223001 4223001 25.4318
5465254 5465254 30.0833
3317823 3317823 24.6643
6003109 6003109 29.1495
5861699 5861699 26.5741
2567181 2567181 27.9794
4018419 4018419 29.8533
5621333 5621333 29.9908
5934917 5934917 37.2021
3068688 3068688 25.1479
4418837 4418837 NA
5354167 5354167 32.3129
5146888 5146888 37.5924
1136336 1136336 32.0906
1062125 1062125 26.6065
1488923 1488923 35.1306
3792421 3792421 27.2122
4705071 4705071 25.73
4805078 4805078 43.2666
2254654 2254654 28.1588
2302634 2302634 28.2907
1663690 1663690 28.9811
1694196 1694196 31.6689
2499770 2499770 26.7605
4976449 4976449 21.4525
1136894 1136894 40.2725
3320210 3320210 24.6271
1941518 1941518 21.6418
2188773 2188773 33.2266
5817748 5817748 32.2556
1652403 1652403 29.9205
3165947 3165947 35.1725
3863545 3863545 27.9296
1262479 1262479 35.0785
1485302 1485302 33.6481
1596630 1596630 26.644
1578802 1578802 27.1431
4769908 4769908 30.8706
5369632 5369632 25.6639
4457140 4457140 31.6911
2038225 2038225 24.4753
1923247 1923247 29.5158
3069048 3069048 19.8522
2349376 2349376 27.2222
4564278 4564278 32.1763
4596671 4596671 33.5773
2288737 2288737 23.7282
2532136 2532136 36.3251
3834926 3834926 34.1686
2409035 2409035 25.1557
4272798 4272798 30.0437
2929175 2929175 27.3868
3138820 3138820 33.1641
2155642 2155642 29.4623
2160666 2160666 26.595
2369839 2369839 28.2575
5012745 5012745 41.0947
2453362 2453362 31.4449
1811160 1811160 37.7231
2886070 2886070 33.6793
2106985 2106985 33.8026
3811180 3811180 26.8962
2250352 2250352 29.7722
1941541 1941541 27.1879
1743745 1743745 25.2622
5230295 5230295 25.7572
5552830 5552830 26.9564
4788918 4788918 41.588
4857400 4857400 29.8322
4071296 4071296 37.5422
5157089 5157089 28.9216
4257138 4257138 26.7489
3725965 3725965 32.2704
4129466 4129466 25.8939
4838227 4838227 20.6428
3129492 3129492 33.2479
4544742 4544742 34.0176
1005376 1005376 23.4122
2824513 2824513 27.2664
4849741 4849741 30.035
2114755 2114755 33.1477
4275317 4275317 26.3857
4145137 4145137 25.4694
2263865 2263865 28.5776
3324029 3324029 29.7458
2275682 2275682 33.6332
5038284 5038284 20.9868
4600306 4600306 28.6391
5274931 5274931 23.3067
3869639 3869639 43.2623
5278302 5278302 23.6686
3112624 3112624 33.7325
3173947 3173947 26.9996
4619177 4619177 29.8586
5881764 5881764 27.9402
3224071 3224071 NA
2255339 2255339 30.5138
4186301 4186301 38.2699
5123969 5123969 35.3633
1656851 1656851 33.3791
3987006 3987006 28.9421
1400996 1400996 37.2084
2668975 2668975 34.8101
3222176 3222176 22.782
3491599 3491599 26.1352
3076242 3076242 33.2342
5455440 5455440 21.2528
5663698 5663698 36.0516
3848451 3848451 25.7187
5675410 5675410 22.4633
3928878 3928878 NA
2108173 2108173 28.5869
2546034 2546034 35.2469
3692127 3692127 30.0555
4170001 4170001 25.4923
1649089 1649089 33.4977
1660466 1660466 28.0266
3540380 3540380 40.1487
4566280 4566280 28.6064
4239780 4239780 20.9246
3901495 3901495 28.0268
2508022 2508022 34.8616
5079780 5079780 23.8367
1792902 1792902 21.9406
4974755 4974755 29.9597
4737853 4737853 29.6786
4638318 4638318 32.4662
2396578 2396578 33.1672
1549070 1549070 26.0519
2586864 2586864 31.2233
3605100 3605100 29.5684
1669994 1669994 28.9906
5682214 5682214 29.539
3052983 3052983 32.6543
5300861 5300861 20.8128
1449966 1449966 34.8944
4643746 4643746 25.1595
2110972 2110972 24.64
3029286 3029286 39.1328
3206293 3206293 25.3069
3061683 3061683 23.716
5063967 5063967 28.3423
5582211 5582211 20.8785
3731059 3731059 23.3407
1823365 1823365 28.9667
1848245 1848245 29.4543
1991501 1991501 31.6732
4918029 4918029 29.5703
2468113 2468113 28.5388
1564529 1564529 25.3666
2433753 2433753 19.9074
3759539 3759539 30.052
4850326 4850326 25.87
5847261 5847261 29.2245
1080560 1080560 28.1771
5945834 5945834 30.0215
5050472 5050472 24.8737
3070328 3070328 31.5783
5158410 5158410 32.2978
2950035 2950035 32.4584
4185317 4185317 26.7593
5141048 5141048 27.1537
2865056 2865056 32.4646
1009687 1009687 31.4977
1236221 1236221 33.9004
5755281 5755281 29.855
2809208 2809208 25.8692
4658798 4658798 26.1012
4773393 4773393 32.3859
5758710 5758710 29.2101
3182251 3182251 28.8828
4995736 4995736 29.7578
5676424 5676424 27.8342
4263766 4263766 18.6618
5050208 5050208 35.3544
2829984 2829984 28.7274
1348255 1348255 24.9403
4408128 4408128 25.1729
5659542 5659542 32.6332
2427438 2427438 25.1024
3154505 3154505 NA
3706500 3706500 36.0119
3958240 3958240 24.1685
1379634 1379634 26.7775
4698368 4698368 36.8828
3105826 3105826 27.03
5301610 5301610 27.0511
5357242 5357242 35.9268
2926846 2926846 31.0156
3148541 3148541 30.7335
1308074 1308074 27.9938
1356655 1356655 30.8928
5925552 5925552 32.6885
5915745 5915745 37.1607
4291184 4291184 29.4215
1842724 1842724 23.5556
5090645 5090645 30.3393
5548117 5548117 26.8581
5938969 5938969 35.6963
4914604 4914604 41.3958
3635769 3635769 29.2813
2522029 2522029 40.1596
4882328 4882328 37.114
5545218 5545218 22.1565
1841142 1841142 38.3708
1841955 1841955 23.9732
3070785 3070785 21.9316
3534886 3534886 27.1977
1148034 1148034 25.7306
1803155 1803155 27.4656
2755156 2755156 32.4062
3596389 3596389 27.8702
5363213 5363213 23.5938
2199863 2199863 35.1333
3033319 3033319 33.6719
1875047 1875047 28.3108
4481268 4481268 26.5731
1709056 1709056 46.6352
3929284 3929284 26.3957
1393968 1393968 33.5034
2211593 2211593 29.7595
1002501 1002501 24.9307
2034758 2034758 29.431
4723894 4723894 37.0031
1869374 1869374 30.1388
2495678 2495678 25.6206
1684256 1684256 27.3328
2094123 2094123 29.3013
4484855 4484855 29.1121
3372534 3372534 21.1689
3823170 3823170 31.8827
2355200 2355200 17.7709
4007883 4007883 28.9684
5261315 5261315 29.7185
1209122 1209122 35.9961
3235294 3235294 24.4635
2372857 2372857 NA
2786607 2786607 32.4062
3863138 3863138 23.2005
5185596 5185596 24.3656
2168518 2168518 42.6042
3046460 3046460 24.2901
5336228 5336228 34.693
3870722 3870722 28.5292
4652556 4652556 41.0864
4934817 4934817 29.4292
5589820 5589820 26.8977
1975635 1975635 33.4252
3116024 3116024 NA
2946963 2946963 31.1419
5259622 5259622 34.827
2754751 2754751 29.4107
5894769 5894769 42.5405
1411054 1411054 18.7654
5952024 5952024 38.6532
2989277 2989277 30.6417
4794594 4794594 24.4389
5057525 5057525 27.5802
4688256 4688256 23.9293
1531867 1531867 22.3092
2897748 2897748 29.7265
4642455 4642455 30.2072
4897838 4897838 23.9512
2806748 2806748 28.2697
2184974 2184974 25.7211
1266168 1266168 26.4033
1918317 1918317 27.8994
5590138 5590138 28.2697
3311721 3311721 22.9201
3068251 3068251 36.9608
1926359 1926359 28.5204
4284073 4284073 24.968
2067559 2067559 NA
4621325 4621325 34.1291
1564484 1564484 31.5574
1820272 1820272 38.6019
5962357 5962357 26.3298
5690415 5690415 33.0876
5444842 5444842 36.4004
3058298 3058298 24.4389
1991532 1991532 24.8712
1835068 1835068 28.2094
5782135 5782135 NA
3626586 3626586 24.4899
1349702 1349702 24.8712
4174167 4174167 42.4953
1580304 1580304 28.4323
1468313 1468313 26.1959
3609350 3609350 33.75
4426470 4426470 28.0883
2857563 2857563 31.2459
2373196 2373196 30.9023
5819091 5819091 25.3388
5991962 5991962 35.517
2259082 2259082 23.261
1577072 1577072 27.1442
2106761 2106761 26.6407
5857506 5857506 32.7337
3825650 3825650 28.6696
2735388 2735388 30.81
5792380 5792380 26.4915
2126489 2126489 29.7913
5473203 5473203 26.9402
2487704 2487704 25.6631
2253884 2253884 32.5027
2380767 2380767 28.793
5734528 5734528 32.1067
4640964 4640964 28.1959
4384575 4384575 26.6406
3103400 3103400 41.3778
5031003 5031003 NA
2065191 2065191 23.2208
5237751 5237751 27.0694
2135706 2135706 39.0418
2082680 2082680 26.4189
1130157 1130157 23.1182
5771252 5771252 25.1755
5185881 5185881 30.3745
2311771 2311771 30.5993
2788890 2788890 25.2248
2787670 2787670 28.1666
5131313 5131313 29.2638
3736093 3736093 23.6488
2927558 2927558 27.6898
2277121 2277121 28.1625
4671716 4671716 33.3866
5943849 5943849 31.7084
3264232 3264232 27.3904
3124460 3124460 31.1199
4379745 4379745 NA
3968532 3968532 25.5232
4774996 4774996 35.8558
4558498 4558498 32.4571
1171141 1171141 37.1717
4031380 4031380 28.972
4348179 4348179 28.858
2375455 2375455 31.7148
5941974 5941974 24.0625
1131182 1131182 24.6875
2253567 2253567 28.9338
2374422 2374422 33.8317
2829846 2829846 27.7496
3088521 3088521 27.4681
3290565 3290565 29.7629
4301865 4301865 35.4992
5048690 5048690 28.4636
3519695 3519695 43.838
5333900 5333900 27.3526
1171672 1171672 29.9272
1846636 1846636 31.8471
3437497 3437497 23.1665
1646436 1646436 31.2771
2821763 2821763 30.4878
1942766 1942766 23.6541
3825833 3825833 27.1792
3963385 3963385 23.0531
4340730 4340730 33.4172
4190607 4190607 27.6254
5011542 5011542 27.2776
2326499 2326499 25.5102
3038571 3038571 21.6732
3785210 3785210 27.4747
5785686 5785686 27.1309
1514340 1514340 32.7107
3658328 3658328 20.2738
2181803 2181803 NA
5738086 5738086 25.6747
4691729 4691729 34.947
2947541 2947541 27.1263
5025169 5025169 27.6259
5907039 5907039 37.5417
5721141 5721141 35.5815
3967585 3967585 24.4374
5447922 5447922 33.8566
5510523 5510523 26.0519
2479332 2479332 31.3595
4760875 4760875 40.2422
1530106 1530106 31.1791
4838770 4838770 28.0904
2920369 2920369 27.5963
1349487 1349487 26.9372
3103901 3103901 25.2939
3024453 3024453 31.0251
4712434 4712434 NA
4735713 4735713 27.5134
5404200 5404200 26.1176
2694010 2694010 31.6055
3565676 3565676 28.0804
1515836 1515836 30.7242
4568845 4568845 33.258
5601361 5601361 29.8962
5490150 5490150 32.0037
5888297 5888297 25.9918
3166789 3166789 38.7034
2479545 2479545 28.4532
2913949 2913949 45.977
1453063 1453063 28.6344
5614564 5614564 27.0853
1537492 1537492 25.2237
4743824 4743824 31.8854
1721229 1721229 22.8028
3580000 3580000 31.4173
5887808 5887808 30.4076
3086331 3086331 33.3482
2333115 2333115 20.4029
1673629 1673629 28.6777
2560375 2560375 33.6793
5685747 5685747 33.3848
1316858 1316858 24.7567
1918434 1918434 26.09
3449245 3449245 26.9776
2195935 2195935 39.0807
1727124 1727124 27.0855
2071938 2071938 26.1228
1689976 1689976 23.8751
3806373 3806373 32.699
3795755 3795755 32.6762
2006262 2006262 34.1375
5097531 5097531 30.0099
5864344 5864344 30.0459
5039201 5039201 26.6299
5948488 5948488 36.6969
5636298 5636298 NA
5660694 5660694 29.374
5750284 5750284 38.6543
4885241 4885241 28.2575
1130327 1130327 27.5144
5045947 5045947 31.2444
4817602 4817602 36.035
2123609 2123609 20.3665
1466823 1466823 35
4440131 4440131 41.5717
5373428 5373428 29.4416
2156269 2156269 23.5078
5330229 5330229 29.3722
2754183 2754183 26.148
3899364 3899364 33.4196
5075712 5075712 32.1164
1562652 1562652 29.313
1456425 1456425 45.6945
1936971 1936971 39.4205
5493447 5493447 30.0826
1992927 1992927 31.7901
3623161 3623161 33.543
4712111 4712111 23.9869
4718204 4718204 33.3044
1408782 1408782 27.3765
1519455 1519455 31.4256
1012651 1012651 35.7812
4489214 4489214 30.7183
2553206 2553206 24.0221
1222049 1222049 35.6296
3171596 3171596 28.4145
1522974 1522974 39.6121
4139130 4139130 33.7408
1966266 1966266 23.1854
1132478 1132478 27.4943
3618454 3618454 29.169
4877248 4877248 31.4627
2163399 2163399 27.301
4613690 4613690 30.2579
3077154 3077154 22.5339
3841548 3841548 29.7732
2180514 2180514 30.4867
2439152 2439152 25.728
5078220 5078220 27.2693
4798927 4798927 23.6408
5074319 5074319 28.3429
1110513 1110513 31.9122
1971788 1971788 33.6859
2224354 2224354 24.4954
5869394 5869394 28.0778
1304595 1304595 25.5211
3487806 3487806 25.6519
1522961 1522961 33.698
2073657 2073657 NA
3996880 3996880 30.3698
3689620 3689620 35.8494
1534264 1534264 28.9807
1831699 1831699 27.4939
4583776 4583776 32.8614
4512447 4512447 26.6447
4449959 4449959 29.3318
1187341 1187341 30.2647
5053575 5053575 45.0399
5974218 5974218 27.3193
2168504 2168504 30.7762
5047410 5047410 33.9782
1138641 1138641 31.9378
2787021 2787021 26.0614
2773070 2773070 26.2915
2316200 2316200 24.6572
1838372 1838372 28.1143
3855988 3855988 31.245
4074998 4074998 21.2615
3855164 3855164 53.497
4248450 4248450 27.5825
4766403 4766403 31.5413
2466911 2466911 31.9212
2217155 2217155 35.815
5498268 5498268 25.4703
3673753 3673753 25.7819
5481281 5481281 28.2903
1091812 1091812 28.6012
5356122 5356122 41.8965
3538831 3538831 28.8311
2585066 2585066 31.1111
4120331 4120331 22.6056
3952631 3952631 26.0262
4223904 4223904 27.5482
3363705 3363705 29.2261
4691345 4691345 26.5039
1273660 1273660 22.7933
2620938 2620938 30.1489
3981684 3981684 25.3592
4550092 4550092 37.7219
5334494 5334494 NA
1968085 1968085 24.1683
1620239 1620239 28.4919
2740153 2740153 34.6776
2707719 2707719 30.2656
4232740 4232740 33.8197
4818069 4818069 39.6
3888205 3888205 25.8174
5070245 5070245 29.0367
4722717 4722717 23.9753
5334790 5334790 28.6827
1142811 1142811 28.2403
5231103 5231103 26.0951
4492760 4492760 31.8457
3486707 3486707 NA
3455033 3455033 46.7187
1312929 1312929 32.7469
5007257 5007257 31.3074
1490554 1490554 27.3008
5534953 5534953 28.1853
1180869 1180869 29.348
2630039 2630039 24.8585
2576021 2576021 34.7147
2877351 2877351 29.5942
3382152 3382152 30.4218
5802561 5802561 26.0519
4271508 4271508 30.189
2727647 2727647 30.9627
4324866 4324866 30.519
5232661 5232661 29.653
3214466 3214466 23.2602
5095961 5095961 31.7226
1924099 1924099 26.2493
3884554 3884554 28.1608
2391661 2391661 35.1647
5441589 5441589 30.8329
2372325 2372325 34.4132
3302970 3302970 25.2489
1732252 1732252 21.4613
2804726 2804726 25.3266
5087140 5087140 42.0395
2438607 2438607 23.2377
4801403 4801403 26.329
1703855 1703855 28.0904
2697008 2697008 27.2562
1238591 1238591 28.3333
3959275 3959275 23.6294
3539443 3539443 32.6596
5522908 5522908 29.7222
1219358 1219358 32.3424
1160328 1160328 31.6972
1303692 1303692 24.577
2592403 2592403 NA
5690260 5690260 24.5018
4735817 4735817 24.3389
5960871 5960871 23.8698
1648041 1648041 37.2174
5461014 5461014 34.9494
4604633 4604633 40.404
5941587 5941587 33.7803
1797833 1797833 23.9995
5654675 5654675 29.6327
5450659 5450659 23.3706
5439036 5439036 27.102
1584500 1584500 29.2507
5834213 5834213 NA
2350410 2350410 22.435
3390093 3390093 29.8211
2750537 2750537 29.0844
2394111 2394111 23.2872
1047564 1047564 23.996
5198533 5198533 25.1556
5351968 5351968 28.2161
4061875 4061875 31.4974
4132538 4132538 22.5368
1467388 1467388 27.3702
2739960 2739960 48.5547
2791411 2791411 36.5736
3037671 3037671 29.2042
1409488 1409488 29.5858
1488213 1488213 28.6048
3649141 3649141 26.7304
4065375 4065375 28.1065
1236358 1236358 35.5505
5926319 5926319 32.0782
2044788 2044788 34.7755
5277975 5277975 23.3062
1098874 1098874 30.3057
3260612 3260612 28.5501
2371845 2371845 26.3297
1992746 1992746 34.049
4230116 4230116 29.5848
1602273 1602273 26.8566
4998415 4998415 24.3248
5716550 5716550 25.6206
5618235 5618235 27.6817
1441278 1441278 26.6436
4790509 4790509 30.4889
3454944 3454944 35.5726
3454630 3454630 31.2854
5449938 5449938 24.0238
4914393 4914393 29.7502
3642671 3642671 26.4626
3475588 3475588 24.6643
5911454 5911454 41.8115
4086482 4086482 37.6973
4744043 4744043 34.2444
2904065 2904065 25.4893
5540162 5540162 26.9444
2256703 2256703 32.6871
1798738 1798738 32.5935
4442983 4442983 23.1363
3021729 3021729 25.8065
3233414 3233414 31.5115
4282857 4282857 33.752
3896784 3896784 22.3027
2647341 2647341 39.2654
1917048 1917048 31.3074
1098594 1098594 25.3505
1843850 1843850 32.4793
5185819 5185819 27.8896
1479419 1479419 22.9767
1756446 1756446 29.7608
2123530 2123530 23.0138
2184390 2184390 26.2956
1560356 1560356 38.767
2214045 2214045 31.5917
3212083 3212083 29.3222
4006723 4006723 25.7572
1524493 1524493 33.6473
3277736 3277736 33.6823
1985982 1985982 25.3336
4954049 4954049 30.0238
2369958 2369958 26.8086
4533083 4533083 30.7918
3411339 3411339 31.2128
4690265 4690265 27.532
1067994 1067994 29.447
3478722 3478722 29.5128
1875383 1875383 27.4667
2349587 2349587 26.9185
3547145 3547145 35.5301
1297838 1297838 33.7381
1721324 1721324 37.4527
2774106 2774106 30.2647
1433853 1433853 28.3434
3022349 3022349 32.0794
2130235 2130235 24.7496
4839256 4839256 19.6641
1362164 1362164 25.0915
1379663 1379663 24.0991
1648694 1648694 25.4657
3633765 3633765 18.7939
3406073 3406073 25.0473
5038913 5038913 NA
1904413 1904413 28.4055
3301068 3301068 29.0329
4500426 4500426 32.3176
5981746 5981746 23.8287
1673006 1673006 28.3755
4630460 4630460 24.2664
2704702 2704702 22.7543
4757807 4757807 33.2154
2951045 2951045 34.2328
3104644 3104644 26.7474
3722061 3722061 25.5745
1416132 1416132 24.789
5991099 5991099 36.4529
5483632 5483632 39.5195
5980388 5980388 39.1203
5631700 5631700 29.321
2435861 2435861 32.9425
4162984 4162984 22.5957
2164316 2164316 31.746
2848842 2848842 30.0459
2286125 2286125 39.1194
6005453 6005453 27.2874
5713510 5713510 28.9556
5614854 5614854 41.5794
2474131 2474131 23.9446
2730898 2730898 34.4661
2073963 2073963 46.4516
3884249 3884249 NA
5775191 5775191 28.4587
1751331 1751331 NA
4281626 4281626 23.3341
4700246 4700246 33.2274
3018372 3018372 24.8902
3404739 3404739 30.9189
2435609 2435609 28.3112
3493833 3493833 31.8624
3684937 3684937 27.8516
5094983 5094983 42.128
3179433 3179433 30.5544
4155388 4155388 26.3957
3035465 3035465 23.8549
4182651 4182651 30.2716
3785291 3785291 24.1635
1450995 1450995 30.2985
2070117 2070117 30.3683
3794824 3794824 36.7677
3685533 3685533 42.7429
3220415 3220415 23.6937
3996939 3996939 33.2082
4852836 4852836 32.4142
4004631 4004631 27.438
1857727 1857727 28.1473
4952183 4952183 30.9156
5161642 5161642 NA
2607349 2607349 29.1401
1619646 1619646 44.0523
3122885 3122885 18.5937
5707739 5707739 33.3984
2881927 2881927 38.8386
4043527 4043527 37.5741
4705589 4705589 27.3814
5370215 5370215 24.2341
5952890 5952890 37.9615
5895105 5895105 27.3121
3367215 3367215 29.0625
1412623 1412623 24.8736
1613758 1613758 26.1628
3066277 3066277 25.4366
3251012 3251012 29.1769
5025721 5025721 28.5399
3754358 3754358 29.1372
4319712 4319712 24.762
4687300 4687300 30.0479
1643836 1643836 24.5414
5973388 5973388 27.0954
4541190 4541190 23.8123
3881571 3881571 26.1816
1340175 1340175 24.2574
5030150 5030150 34.446
5678615 5678615 29.7268
3368140 3368140 31.6137
5636160 5636160 26.2046
2081513 2081513 28.944
4257829 4257829 34.9428
3008612 3008612 31.1637
2047622 2047622 25.3266
2631288 2631288 28.0899
1775129 1775129 37.3828
5545500 5545500 25.2572
2774845 2774845 NA
3974371 3974371 28.1207
2928845 2928845 37.6817
3356675 3356675 45.3516
1304494 1304494 37.135
1763799 1763799 27.8852
4882737 4882737 25.5206
1672063 1672063 28.9008
4827553 4827553 30.3288
2747547 2747547 28.9546
1193699 1193699 40.043
1332961 1332961 27.1374
2231880 2231880 28.3429
3053482 3053482 30.173
2555219 2555219 24.0753
2600988 2600988 30.8042
5154944 5154944 27.7379
3004583 3004583 NA
2622185 2622185 27.4713
2307820 2307820 33.4882
1165783 1165783 35.4021
1579141 1579141 31.6263
2094669 2094669 42.1265
1356421 1356421 21.0802
2813438 2813438 28.3045
2807021 2807021 23.8123
1447131 1447131 26.3669
4979092 4979092 24.3531
1459929 1459929 28.932
5328933 5328933 34.4876
1835282 1835282 45.9087
1259247 1259247 23.8248
1258971 1258971 42.4728
3749225 3749225 28.4542
2329874 2329874 26.493
2413196 2413196 25.9614
4002493 4002493 34.4346
5130286 5130286 31.0494
5837438 5837438 27.1178
3652062 3652062 27.45
4712840 4712840 25.3388
5970054 5970054 25.3758
2901255 2901255 31.763
1000388 1000388 25.6546
1740080 1740080 30.9568
5080734 5080734 34.1063
4428553 4428553 31.3681
2114846 2114846 28.8872
2959364 2959364 34.0571
2699018 2699018 21.6731
1956259 1956259 31.9723
1676807 1676807 37.5149
5722548 5722548 39.1274
2165929 2165929 23.2781
4683332 4683332 29.9116
5014648 5014648 26.2626
5347655 5347655 28.4635
3184041 3184041 24.4821
3214707 3214707 31.1951
1632293 1632293 32.45
1364450 1364450 26.3362
2740609 2740609 22.5666
4883791 4883791 22.8542
5875153 5875153 25.4748
2318147 2318147 29.5283
5963361 5963361 26.3835
3769010 3769010 26.3318
5654613 5654613 31.4793
1551062 1551062 26.61
2693294 2693294 31.7172
5075798 5075798 31.4021
2472246 2472246 34.1522
5889094 5889094 29.3755
5768775 5768775 35.3986
1105459 1105459 26.8094
4127869 4127869 36.1842
1894665 1894665 26.2543
3074855 3074855 26.6436
5966347 5966347 25.2366
4158362 4158362 34.6159
1552291 1552291 29.5168
1245116 1245116 25.8077
3755898 3755898 NA
3791400 3791400 26.3107
3372478 3372478 28.4532
5832506 5832506 41.9351
4127736 4127736 29.9753
3831550 3831550 53.5937
5057372 5057372 26.1649
5859735 5859735 26.8122
4873081 4873081 22.1714
5133268 5133268 30.6441
1855521 1855521 32.2656
1957042 1957042 35.1331
2225684 2225684 25.3515
4935080 4935080 NA
1556787 1556787 31.3448
1070567 1070567 23.3784
4801193 4801193 24.2023
2233102 2233102 29.9221
5192834 5192834 36.9146
3730163 3730163 32.4138
5441372 5441372 36.5588
5600945 5600945 41.0406
5069169 5069169 29.6908
5530199 5530199 23.214
2778373 2778373 28.219
3153413 3153413 27.6262
1481987 1481987 36.5326
3175266 3175266 28.6689
5554452 5554452 34.5336
2284229 2284229 26.4346
3729830 3729830 30.2189
1377609 1377609 34.0943
5524473 5524473 22.112
2921241 2921241 23.2335
4334686 4334686 28.1153
2826820 2826820 25.6931
4735357 4735357 36.6498
2681352 2681352 33.9027
1905773 1905773 34.4096
5952710 5952710 27.3226
5936894 5936894 28.3413
3416706 3416706 36.2732
3383377 3383377 44.2143
3317220 3317220 24.1548
2571635 2571635 31.2488
3693536 3693536 30.5622
3361671 3361671 29.5614
1147814 1147814 29.6132
1076624 1076624 28.052
2837261 2837261 48.8823
1395773 1395773 32.7682
5181334 5181334 26.9753
1754309 1754309 24.183
1377269 1377269 22.0616
2739804 2739804 37.379
3085992 3085992 29.3803
2987589 2987589 NA
1543144 1543144 31.1073
3510300 3510300 33.6239
4510757 4510757 24.1633
2213206 2213206 26.7848
3079051 3079051 24.7221
1703001 1703001 29.6816
4988213 4988213 30.2296
5300052 5300052 29.7705
3733647 3733647 25.1392
4563576 4563576 24.406
4199327 4199327 22.6847
4272511 4272511 26.547
2623389 2623389 27.8893
3885442 3885442 28.28
3707769 3707769 32.8955
5646791 5646791 29.8023
2785219 2785219 30.7518
1926457 1926457 25.732
4308921 4308921 20.3047
1395816 1395816 29.6124
2558644 2558644 27.024
4900245 4900245 29.6605
5393491 5393491 30
4603971 4603971 26.9827
5599558 5599558 32.699
4845514 4845514 32.2385
2796260 2796260 31.5358
3086947 3086947 28.0863
2192786 2192786 23.9863
3431896 3431896 33.4948
1880754 1880754 20.4863
4655454 4655454 33.1607
1953699 1953699 28.4714
3189164 3189164 31.0339
3189763 3189763 30.9405
5098475 5098475 26.801
1093589 1093589 19.7656
4775365 4775365 26.6389
2835560 2835560 28.2477
5728424 5728424 20.0812
3132843 3132843 20.207
2696577 2696577 26.0923
1591791 1591791 31.0547
4329423 4329423 27.3459
1202093 1202093 28.5572
5687754 5687754 26.5741
2394991 2394991 68.1299
4978141 4978141 25.6273
5838340 5838340 26.7505
2419351 2419351 28.2477
2431247 2431247 31.7329
1835376 1835376 33.4182
3440151 3440151 26.4463
1221619 1221619 39.2995
4064389 4064389 34.1797
3567360 3567360 23.9657
4245106 4245106 23.5323
4615160 4615160 26.083
1361253 1361253 26.9188
1912837 1912837 32.8202
5253063 5253063 34.3698
3918925 3918925 35.1808
4297887 4297887 25.5296
5331338 5331338 28.2009
2830756 2830756 28.6641
4039525 4039525 31.8764
5898315 5898315 30.6706
5215422 5215422 38.0437
1153900 1153900 30.3683
3615602 3615602 26.8544
4946997 4946997 34.9959
2256347 2256347 22.1893
4355941 4355941 32.8973
3663905 3663905 27.5873
5480222 5480222 32.3068
2153119 2153119 NA
3822300 3822300 34.1322
3357480 3357480 28.9282
4462599 4462599 32.6932
1678105 1678105 30.5138
2061327 2061327 33.4172
3939375 3939375 23.8773
4652480 4652480 26.1593
1086878 1086878 30.9689
4326612 4326612 35.6657
3037138 3037138 35.7618
3667801 3667801 28.2821
2247100 2247100 27.4756
5518753 5518753 29.6501
3808321 3808321 39.4757
4362405 4362405 29.8557
5716447 5716447 31.0777
5600792 5600792 28.2508
1505386 1505386 31.3315
2683122 2683122 31.7021
3034147 3034147 29.9968
1157214 1157214 34.6059
5749309 5749309 26.1232
1269107 1269107 28.1847
3766476 3766476 33.0859
2448705 2448705 29.8929
4475947 4475947 42.2148
3851911 3851911 25.0194
2965307 2965307 29.4029
2277468 2277468 30.3765
3356699 3356699 25.2015
5643575 5643575 24.406
2751988 2751988 31.0185
5846657 5846657 25.8645
1393634 1393634 27.6453
2555848 2555848 25.4367
1722283 1722283 30.0215
1443559 1443559 33.046
2831437 2831437 24.6559
4032441 4032441 27.9479
5274343 5274343 35.3986
5873554 5873554 28.2353
4578999 4578999 25.189
5840811 5840811 28.8044
3692748 3692748 23.4221
1219698 1219698 30.5594
4709579 4709579 24.9079
3830964 3830964 33.5249
3291115 3291115 36.8084
2585193 2585193 33.1313
3353389 3353389 24.1617
6009664 6009664 29.3208
1884604 1884604 48.4252
3666037 3666037 33.0295
4365402 4365402 27.3814
4451648 4451648 26.4264
3785246 3785246 29.9009
2273105 2273105 34.0189
2876698 2876698 27.8438
1241253 1241253 27.2823
5933776 5933776 27.4939
1994992 1994992 32.0298
3869796 3869796 24.0569
3148504 3148504 26.1164
1138264 1138264 36.2976
2001835 2001835 22.0307
5145175 5145175 31.4449
2024915 2024915 28.7415
2969717 2969717 32.5969
4029960 4029960 35.756
2995656 2995656 33.5958
2834535 2834535 30.7345
1710076 1710076 35.7543
1834818 1834818 20.9502
4759912 4759912 30.8397
3357792 3357792 31.4001
2041861 2041861 26.1207
2360616 2360616 27.3226
4958616 4958616 26.8801
4805318 4805318 25.0595
2685312 2685312 28.2779
5010096 5010096 29.9148
3912786 3912786 33.4914
1643717 1643717 23.7391
3605519 3605519 29.994
6007815 6007815 32.728
3543253 3543253 26.7627
4788789 4788789 29.6174
2493206 2493206 39.1902
3470018 3470018 36.2955
5116475 5116475 17.7651
2205769 2205769 43.7483
1708975 1708975 22.5035
3158998 3158998 29.9404
1622373 1622373 33.2265
4379600 4379600 28.5333
2765152 2765152 NA
1909787 1909787 28.8017
2115371 2115371 26.6347
5370411 5370411 26.081
3879339 3879339 26.8734
3079723 3079723 33.0238
3965786 3965786 31.5501
3718053 3718053 24.6826
1539074 1539074 35.6216
5878755 5878755 25.7572
2069396 2069396 30.5149
5088591 5088591 31.2295
5285566 5285566 27.9239
2416759 2416759 22.4633
2736562 2736562 33.555
1985072 1985072 NA
4682260 4682260 28.7952
1128107 1128107 31.6158
5681505 5681505 35.2344
4681765 4681765 28.0243
3095123 3095123 23.7196
1920199 1920199 36.5075
1453530 1453530 35.679
3585424 3585424 28.3987
2520642 2520642 35.0884
5879926 5879926 24.1579
1399256 1399256 26.3186
3109830 3109830 30.6041
4966271 4966271 25.622
2330844 2330844 23.1978
3737407 3737407 32.5373
3478807 3478807 29.0437
3600048 3600048 23.4564
5054521 5054521 36.7187
5396634 5396634 28.1853
3747252 3747252 29.7143
2041090 2041090 32.9332
2643959 2643959 29.2304
4179395 4179395 NA
2792032 2792032 25.2131
5142092 5142092 27.4984
1951742 1951742 22.5798
5836408 5836408 28.6979
1245646 1245646 23.0457
5214428 5214428 21.4112
2551146 2551146 23.2515
1994921 1994921 31.5783
1285241 1285241 32.1067
5496334 5496334 31.2071
2536548 2536548 27.1442
1569952 1569952 27.3275
3385220 3385220 23.6122
4307808 4307808 31.8773
3763703 3763703 23.9293
2017971 2017971 38.7408
2622971 2622971 28.56
5077890 5077890 31.5254
1792280 1792280 33.564
1671975 1671975 24.1327
2882580 2882580 21.5655
4164585 4164585 43.9453
2949196 2949196 25.3753
4786800 4786800 36.142
2125328 2125328 32.1717
5097449 5097449 29.0498
5386210 5386210 32.4815
3991606 3991606 24.427
5065451 5065451 29.5366
3513839 3513839 29.8998
3944572 3944572 37.0209
1903089 1903089 28.4057
2826409 2826409 27.3484
5515884 5515884 27.0835
4970779 4970779 26.2476
3902338 3902338 29.7531
3806131 3806131 34.6732
2036984 2036984 38.4153
1013663 1013663 31.3889
5696528 5696528 35.9766
3344112 3344112 25.7211
4416513 4416513 36.4153
5963172 5963172 22.9788
3507831 3507831 33.2031
1170105 1170105 31.1815
2658193 2658193 27.6951
4664199 4664199 24.5865
1893147 1893147 25.8025
5133694 5133694 23.6466
4155173 4155173 36.0307
5020744 5020744 25.9455
1778512 1778512 29.9556
2525715 2525715 29.1738
4606627 4606627 36.6651
4558742 4558742 26.2648
3733008 3733008 38.5841
5454711 5454711 NA
4059164 4059164 26.8211
5313129 5313129 28.0969
3380728 3380728 36.8426
2207999 2207999 25.3142
1369688 1369688 28.0445
4813580 4813580 20.4224
3967009 3967009 27.6812
3086825 3086825 25.9472
4937050 4937050 32.2989
2950914 2950914 28.5633
1728097 1728097 33.1672
2598006 2598006 27.3548
3659261 3659261 31.6911
3482848 3482848 28.2697
2495464 2495464 29.6935
4577964 4577964 24.3248
4876536 4876536 32.9507
3681509 3681509 28.9824
3449514 3449514 34.6094
2079434 2079434 34.815
2161005 2161005 49.8794
5489950 5489950 32.1396
3242061 3242061 30.0477
4342681 4342681 31.0094
4115635 4115635 31.157
1977109 1977109 38.911
2281889 2281889 28.2407
4125919 4125919 23.9137
5977774 5977774 23.4236
3831498 3831498 28.441
5255938 5255938 21.0373
4764086 4764086 37.0961
4735414 4735414 24.6965
1998166 1998166 40.7199
3774042 3774042 30.0947
1098395 1098395 31.6158
1571878 1571878 28.3176
5342589 5342589 28.4874
1683176 1683176 30.1293
5966845 5966845 36.6679
2984654 2984654 27.8058
4714410 4714410 26.4332
4139571 4139571 35.5042
4776143 4776143 37.0252
2416062 2416062 26.5047
4637679 4637679 29.2304
3688248 3688248 23.1415
2332548 2332548 29.5225
5922750 5922750 30.9915
5907050 5907050 41.2977
1493685 1493685 28.7698
5184038 5184038 31.444
5495768 5495768 39.196
4527022 4527022 30.9816
4560786 4560786 26.8571
3106758 3106758 29.3632
4556379 4556379 27.0602
1090301 1090301 23.381
1623894 1623894 34.2579
2995523 2995523 29.9221
1244611 1244611 28.699
3487378 3487378 30.9551
2982842 2982842 25.6891
5407650 5407650 32.813
1872741 1872741 24.9135
3152486 3152486 31.7778
1066355 1066355 27.435
2048227 2048227 37.0062
1249436 1249436 35.2181
4638304 4638304 32.0975
2968765 2968765 24.2709
1250829 1250829 35.5312
5350996 5350996 25.0505
2505984 2505984 27.5624
3215118 3215118 30.7111
3797739 3797739 20.0526
1901825 1901825 29.9041
4210782 4210782 27.364
4156139 4156139 30.13
4257243 4257243 32.8577
2931741 2931741 32.1051
2605749 2605749 25.2043
2741953 2741953 22.0188
1538268 1538268 35.1393
1938622 1938622 30.1932
3784318 3784318 28.4055
1800411 1800411 27.8376
2151243 2151243 34.6505
5653733 5653733 26.0935
4168080 4168080 25.2342
3183504 3183504 25.8602
5953535 5953535 24.9199
5125887 5125887 26.5303
1372788 1372788 21.9137
1134925 1134925 29.1022
2749147 2749147 33.2271
2942288 2942288 38.641
3663368 3663368 31.3281
3911912 3911912 36.9096
4788761 4788761 38.4599
3736108 3736108 31.8773
4782017 4782017 24.7662
3449290 3449290 35.411
4219432 4219432 27.9198
2162906 2162906 26.7474
5661012 5661012 26.8801
1474547 1474547 25.0724
2251303 2251303 29.4758
1644831 1644831 28.3319
3128857 3128857 37.1541
3596124 3596124 34.1855
5555647 5555647 24.4628
4327588 4327588 34.5758
3036904 3036904 30.2579
1723983 1723983 27.3154
2354299 2354299 25.3945
2721109 2721109 34.8437
5776317 5776317 25.5593
5082461 5082461 30.4678
4044367 4044367 35.0478
5013702 5013702 25.2271
1862058 1862058 38.4
3456407 3456407 26.919
3567788 3567788 26.927
1607968 1607968 26.0631
2058589 2058589 29.2858
2367581 2367581 31.2771
1523644 1523644 28.3196
1085789 1085789 28.7856
3799250 3799250 29.413
1789534 1789534 28.6642
3838507 3838507 30.1038
4881793 4881793 24.4418
2694950 2694950 25.1205
1499156 1499156 32.2145
1954190 1954190 35.1919
3105171 3105171 29.7119
3259101 3259101 22.0522
1082147 1082147 31.6032
4963274 4963274 28.9435
4638826 4638826 27.7634
5218284 5218284 40.8325
4473898 4473898 25.0595
4348687 4348687 34.0625
4822716 4822716 30.0391
1945023 1945023 28.6034
1931528 1931528 31.3841
1196155 1196155 28.1625
2302979 2302979 28.8447
5583837 5583837 30.7242
5027339 5027339 27.5631
3833927 3833927 30.1038
1386542 1386542 31.4739
2402002 2402002 33.7742
5267392 5267392 36.6868
2987631 2987631 29.2042
1737806 1737806 31.7889
3990948 3990948 34.0479
1774105 1774105 26.7401
2005615 2005615 28.9584
2825841 2825841 20.2812
4738968 4738968 28.0664
1772537 1772537 24.8047
4392795 4392795 NA
2565754 2565754 25.968
4386535 4386535 28.125
5727207 5727207 27.8108
5456078 5456078 27.5135
2626710 2626710 27.3723
3484586 3484586 28.7172
4291678 4291678 26.1774
1907433 1907433 31.3364
4987313 4987313 32.9799
3599914 3599914 29.0564
5687256 5687256 23.5564
2175534 2175534 27.8857
5613827 5613827 49.4992
5416863 5416863 24.0991
1046300 1046300 26.0384
3324107 3324107 31.0136
4313282 4313282 33.0579
2574850 2574850 26.7968
4597678 4597678 34.7971
1599044 1599044 25.462
3189693 3189693 28.3424
2486775 2486775 30.2843
4886476 4886476 35.2595
1949565 1949565 32.6382
3898621 3898621 26.5696
4738453 4738453 19.8694
1808147 1808147 25.0675
2876015 2876015 32.9778
1498781 1498781 26.7871
2526051 2526051 23.3188
2851513 2851513 23.823
5244743 5244743 29.2388
3879724 3879724 26.2164
5387974 5387974 25.8203
2992418 2992418 28.3983
5068654 5068654 34.1411
2257721 2257721 27.4587
3115755 3115755 26.1977
1898039 1898039 NA
4221362 4221362 27.1484
3520347 3520347 27.7979
3369324 3369324 22.929
2319435 2319435 23.1004
3839752 3839752 31.9531
4903728 4903728 31.6782
3779389 3779389 30.9642
1580341 1580341 26.5203
2394155 2394155 29.2388
2911848 2911848 23.5938
5832308 5832308 30.8605
1899196 1899196 31.7388
1081808 1081808 33.4722
5483807 5483807 23.7741
1441465 1441465 36.1231
4941316 4941316 27.8201
3378903 3378903 32.05
5251915 5251915 35.9065
4641459 4641459 25.3745
1772150 1772150 28.6252
5687333 5687333 29.8176
5596385 5596385 29.9967
5288365 5288365 21.4692
3228132 3228132 29.6786
2514595 2514595 23.7188
1247816 1247816 25.5524
5738907 5738907 30.9402
3555137 3555137 32.9634
1024625 1024625 25.4196
3230810 3230810 28.7233
1280594 1280594 25.1557
2734610 2734610 26.886
4800696 4800696 36.859
1003269 1003269 NA
3435494 3435494 31.9713
2446796 2446796 30.2861
3837957 3837957 28.2001
1014458 1014458 22.7918
5788029 5788029 26.0197
5120898 5120898 36.8851
2306998 2306998 39.0807
4490868 4490868 29.3426
2651506 2651506 26.1277
1662279 1662279 30.3837
6024589 6024589 24.1903
4106502 4106502 26.8787
3903683 3903683 41.4568
2870801 2870801 22.3437
3482836 3482836 38.3352
2315496 2315496 30.3745
5336678 5336678 29.8643
3886542 3886542 28.0967
2184023 2184023 24.2468
3341286 3341286 32.674
4194491 4194491 25.9516
1957000 1957000 31.3523
1025153 1025153 23.6996
5151234 5151234 25.9242
4713081 4713081 27.2812
5414075 5414075 30.0864
5693115 5693115 25.6913
2421095 2421095 29.6558
5178746 5178746 32.2857
4165304 4165304 32.7369
2209884 2209884 25.6165
5576052 5576052 30.1611
4587949 4587949 34.6268
2818904 2818904 34.8027
1255106 1255106 27.439
1376692 1376692 34.3524
5812785 5812785 38.4381
3335094 3335094 41.0285
5133400 5133400 38.0949
2751473 2751473 28.3424
3784362 3784362 25.4313
4172174 4172174 28.666
5160675 5160675 23.4924
3992013 3992013 42.4816
2779542 2779542 25.7276
5197664 5197664 28.8505
1562418 1562418 NA
5641223 5641223 30.6012
1950767 1950767 28.1239
3240452 3240452 27.9967
4010918 4010918 32.3966
3668397 3668397 27.0416
4121140 4121140 28.1153
3576206 3576206 26.7759
1610108 1610108 43.1291
3086959 3086959 26.569
3035246 3035246 35.7976
5956179 5956179 30.4266
2196818 2196818 24.9871
2835029 2835029 27.1755
2552415 2552415 27.2591
1634832 1634832 27.0919
2339845 2339845 39.4066
5465443 5465443 28.7756
3627575 3627575 25.0927
2108887 2108887 31.5029
2836475 2836475 27.735
3562959 3562959 29.4444
2774225 2774225 26.5565
5411509 5411509 29.132
5549133 5549133 30.035
2625339 2625339 32.6528
3049388 3049388 27.4302
2208800 2208800 29.8255
2230601 2230601 28.4211
2805996 2805996 23.4839
5653814 5653814 29.8309
2059394 2059394 34.5247
3144007 3144007 26.8687
1500590 1500590 23.7508
2655499 2655499 NA
2429567 2429567 40.8611
4848457 4848457 31.1791
2178456 2178456 29.6487
1964816 1964816 29.5081
3271872 3271872 31.5083
4176020 4176020 29.0531
2299026 2299026 27.7853
4653179 4653179 25.0247
1613767 1613767 29.4296
2192771 2192771 26.3905
1091956 1091956 33.553
1467803 1467803 27.0679
1616134 1616134 35.2469
3601198 3601198 32.349
2943198 2943198 37.8357
1265254 1265254 28.9346
5575236 5575236 37.3419
1676495 1676495 21.7911
2795927 2795927 24.4571
3789555 3789555 28.9435
1194747 1194747 26.875
1223224 1223224 42.6792
3148139 3148139 29.5581
4882266 4882266 24.4919
2239226 2239226 25.8403
5151506 5151506 30.2528
3276857 3276857 31.5886
1961523 1961523 24.5778
4660290 4660290 33.4186
2178806 2178806 25.6153
4783764 4783764 32.9687
5738866 5738866 30.6122
4353403 4353403 35.7824
1968231 1968231 39.59
1780472 1780472 37.2529
2572643 2572643 44.2554
4864988 4864988 34.693
5588596 5588596 26.2994
5588735 5588735 26.9531
3364060 3364060 29.899
3826733 3826733 34.9303
1347981 1347981 29.3803
4613267 4613267 32.7919
5252903 5252903 29.2378
1764581 1764581 43.45
2483892 2483892 44.7867
2710272 2710272 31.8389
3814797 3814797 28.8033
2706511 2706511 34.7457
4437673 4437673 25.0761
4416567 4416567 34.6365
5842605 5842605 31.8764
4879013 4879013 27.6852
2882148 2882148 36.1435
4829947 4829947 35.2344
1510425 1510425 29.3904
5235962 5235962 26.9395
1864042 1864042 28.3092
3969905 3969905 30.7364
1177904 1177904 28.9955
5356743 5356743 32.6254
3819476 3819476 26.4721
3315412 3315412 31.4917
3381196 3381196 32.5414
1325796 1325796 24.8588
1664296 1664296 23.214
1065037 1065037 33.2621
3650502 3650502 31.8772
1187272 1187272 29.8992
4181905 4181905 28.6134
1788540 1788540 22.903
4026165 4026165 33.4375
4429282 4429282 27.8
2182410 2182410 28.8682
3911450 3911450 24.136
5995059 5995059 35.0681
1915181 1915181 24.64
3800684 3800684 36.2122
2117843 2117843 25.2826
2047366 2047366 32.1427
2138885 2138885 28.7971
1612727 1612727 31.4359
5923464 5923464 29.8439
3960700 3960700 30.0361
4418534 4418534 22.8502
1687411 1687411 31.1202
1805377 1805377 26.4264
1788776 1788776 34.4571
4271278 4271278 35.7025
3085719 3085719 36.6528
4228391 4228391 27.1172
1261043 1261043 32.3892
5284858 5284858 30.7265
1973193 1973193 37.5741
3390520 3390520 32.0187
5042097 5042097 27.3121
1133171 1133171 28.0823
2413701 2413701 39.5519
2653585 2653585 35.4914
5115627 5115627 29.543
3837755 3837755 40.1779
3077739 3077739 29.3575
2449299 2449299 27.7163
2256852 2256852 23.2716
4827416 4827416 25.2801
5946950 5946950 24.2436
3141976 3141976 29.0683
2557903 2557903 38.6559
3959470 3959470 26.514
5961673 5961673 34.7266
6022310 6022310 29.9757
1507400 1507400 30.8667
5430781 5430781 NA
5966060 5966060 24.2513
3343483 3343483 27.0499
5799406 5799406 28.6159
5256673 5256673 25.2572
4673310 4673310 24.8051
3037015 3037015 33.6328
4398558 4398558 31.2889
1992667 1992667 26.5008
5171285 5171285 24.5878
5566475 5566475 24.1565
2019663 2019663 24.6204
3999922 3999922 24.1347
5035313 5035313 23.2397
1301954 1301954 25.9752
2539420 2539420 22.3705
5858591 5858591 28.8066
5528314 5528314 29.5818
3148242 3148242 21.5645
2991740 2991740 27.1195
2673955 2673955 31.8275
5618465 5618465 23.9463
3984655 3984655 39.1349
1900408 1900408 27.2645
2997363 2997363 25.7173
4119175 4119175 27.364
1879728 1879728 52.5168
5743712 5743712 30.9839
5521629 5521629 21.9713
2188419 2188419 24.0888
1471578 1471578 38.176
1292110 1292110 31.2072
1053610 1053610 28.4298
4360948 4360948 25.0967
2638276 2638276 28.7673
3717052 3717052 27.2109
5985455 5985455 40.9003
2495447 2495447 29.7185
4634996 4634996 29.0659
4154179 4154179 29.8029
4029647 4029647 36.0716
3086421 3086421 32.0294
2059904 2059904 30.7473
4875472 4875472 30.4867
4440848 4440848 36.4738
2850788 2850788 27.968
4158283 4158283 24.3296
2088846 2088846 31.4697
5367700 5367700 35.3633
3392544 3392544 34.22
5254997 5254997 31.6048
2252450 2252450 30.0605
4953611 4953611 28.4429
4314661 4314661 30.4471
2121915 2121915 25.8612
4866058 4866058 33.3056
3643010 3643010 37.5158
3903551 3903551 29.0079
4661957 4661957 26.3994
1332578 1332578 30.6574
4805707 4805707 22.5746
2433319 2433319 35.2568
4859922 4859922 31.1837
4219110 4219110 24.2361
3518539 3518539 25.7515
4610112 4610112 32.7333
4122741 4122741 27.8438
5260141 5260141 30.7852
2130874 2130874 28.1943
3525301 3525301 30.5853
3434121 3434121 27.4762
3233861 3233861 25.8107
4546537 4546537 19.8296
2797062 2797062 24.0101
2090974 2090974 24.1503
5135880 5135880 24.8047
4712342 4712342 24.4383
1109956 1109956 28.3599
4588567 4588567 32.8374
5470887 5470887 36.9615
3382163 3382163 35.7544
3945827 3945827 26.6965
5243520 5243520 32.0866
2808529 2808529 32.253
5016089 5016089 26.2169
4172399 4172399 27.1349
1617844 1617844 NA
1067200 1067200 27.1359
1633650 1633650 26.1042
5903410 5903410 36.3798
3402555 3402555 25.8775
5394998 5394998 27.7651
4333477 4333477 42.905
5678474 5678474 28.0339
5278406 5278406 28.7221
6013737 6013737 36.3659
3937777 3937777 25.4036
4858488 4858488 39.1707
4661968 4661968 26.7769
2992299 2992299 30.8355
4824208 4824208 27.4231
4743308 4743308 37.5118
4423896 4423896 32.3432
5600426 5600426 31.7891
2047290 2047290 NA
5833098 5833098 29.7036
2584160 2584160 21.8871
4009876 4009876 29.6094
1059931 1059931 28.9306
1541969 1541969 31.6443
4064987 4064987 27.7015
4517152 4517152 26.1035
5396628 5396628 24.3836
3996164 3996164 30.1021
1307924 1307924 29.6567
1293543 1293543 32.924
2721641 2721641 24.7656
5040684 5040684 35.3245
5336883 5336883 NA
1013017 1013017 35.4943
3995139 3995139 35.6054
4460056 4460056 20.2664
3901613 3901613 NA
2799233 2799233 32.6332
5436545 5436545 32.8218
5749808 5749808 25.6519
1924486 1924486 29.6914
1946223 1946223 28.2635
1970967 1970967 31.2917
3523058 3523058 27.4901
1604417 1604417 29.6995
1301111 1301111 23.7387
2303041 2303041 40.5178
1193703 1193703 28.1625
4265306 4265306 22.4321
1765158 1765158 26.9886
3708419 3708419 29.8214
2440703 2440703 28.9906
4307336 4307336 40.4521
1049260 1049260 52.5829
5702767 5702767 33.4804
4793659 4793659 28.5705
5880737 5880737 25.7306
4120648 4120648 23.6626
4664859 4664859 30.6214
5556770 5556770 41.2908
4017371 4017371 35.7392
2133398 2133398 30.9666
3938734 3938734 24.6079
3981480 3981480 26.673
4103480 4103480 31.3973
3272307 3272307 36.6752
4688881 4688881 29.6364
5113661 5113661 36.8411
2762214 2762214 27.0258
1334536 1334536 25.3946
2117712 2117712 48.1591
5169940 5169940 33.1966
3880962 3880962 20.5282
1037640 1037640 38.1333
1824990 1824990 35.7495
3772263 3772263 21.9839
1892552 1892552 31.8905
3640131 3640131 30.9551
2113413 2113413 33.0489
3245272 3245272 26.6024
3047141 3047141 NA
5397662 5397662 31.6118
1955311 1955311 38.0316
2631955 2631955 22.7592
1911783 1911783 29.127
3502329 3502329 38.0437
5646746 5646746 42.861
1866164 1866164 26.7158
4519006 4519006 35.3493
5668722 5668722 25.1712
3055284 3055284 40.4368
3146835 3146835 28.7132
4396012 4396012 25.5538
5709073 5709073 27.7344
3037410 3037410 33.4651
2494508 2494508 28.2029
5179859 5179859 29.4935
3529453 3529453 25.8428
4852157 4852157 24.0497
2571565 2571565 29.8186
4254858 4254858 29.5842
3982745 3982745 27.2151
2828597 2828597 29.4758
5798727 5798727 NA
3778450 3778450 26.0571
1656623 1656623 41.1163
2454961 2454961 24.974
3162242 3162242 22.6627
1983963 1983963 34.3475
5927874 5927874 27.2107
4964712 4964712 24.2906
5489625 5489625 28.3871
1367599 1367599 47.9706
5271084 5271084 27.1972
2475984 2475984 24.3893
2720296 2720296 36.052
3496252 3496252 29.2056
5450008 5450008 27.2656
4335409 4335409 31.5582
4567298 4567298 35.3634
1765917 1765917 27.0993
5998731 5998731 30.8107
3982801 3982801 25.8696
2853688 2853688 40.536
5057413 5057413 30.4373
2420896 2420896 31.4134
5265311 5265311 25.6233
2354089 2354089 26.8359
4472347 4472347 37.103
3464356 3464356 35.2841
3091593 3091593 36.6367
1226556 1226556 31.9692
2822241 2822241 34.6963
1535804 1535804 33.3945
1930374 1930374 27.0995
1066934 1066934 29.6914
2582788 2582788 34.401
2327632 2327632 32.8028
1927086 1927086 23.1426
1177420 1177420 26.9014
3756387 3756387 36.8778
4248379 4248379 45.7058
2884221 2884221 30.222
2660596 2660596 48.0839
5339163 5339163 37.6893
2044792 2044792 29.275
4999659 4999659 26.3679
4830451 4830451 31.1846
2149326 2149326 32.0454
5965365 5965365 34.73
5682008 5682008 27.6418
2859425 2859425 42.436
5099691 5099691 31.5152
1095769 1095769 27.5533
3609151 3609151 30.6308
1580875 1580875 25.7908
5449729 5449729 28.1155
4347472 4347472 29.7265
1406589 1406589 24.5139
3115365 3115365 35.8978
5475510 5475510 25.5965
2807840 2807840 31.0728
3587473 3587473 36.9604
2877058 2877058 27.0672
1609304 1609304 28.434
5533259 5533259 36.3933
1561659 1561659 27.1115
3218350 3218350 30.4678
1916285 1916285 40.4521
1701171 1701171 31.8672
5351025 5351025 22.4996
2114891 2114891 27.2693
2018070 2018070 42.2413
4467010 4467010 30.9785
2092170 2092170 39.5408
2297502 2297502 39.293
3529634 3529634 28.2903
5645350 5645350 29.8468
4763645 4763645 31.2092
3446627 3446627 32.3884
3609108 3609108 31.8654
2943329 2943329 23.5884
4232647 4232647 36.5398
4898310 4898310 32.1567
1501334 1501334 31.0339
4422584 4422584 23.7395
1833817 1833817 29.2734
1057210 1057210 38.215
2256675 2256675 40.958
3184322 3184322 29.725
5960307 5960307 24.9382
4207065 4207065 32.4074
3334109 3334109 26.9776
2324023 2324023 36.8767
1058119 1058119 30.1931
4515601 4515601 31.3601
5817232 5817232 26.0861
2954324 2954324 29.0625
2910384 2910384 25.8948
1625305 1625305 20.6722
2252856 2252856 33.3964
5545467 5545467 30.6214
4372812 4372812 27.0484
1432719 1432719 35.4297
2429922 2429922 24.9257
1399951 1399951 31.2488
4277654 4277654 31.3223
3695880 3695880 27.3314
1021183 1021183 29.9272
1370036 1370036 26.5876
5812460 5812460 30.5763
2281185 2281185 20.2632
1283632 1283632 19.7656
4747034 4747034 28.3423
5653223 5653223 35.7947
3572705 3572705 28.4155
1225425 1225425 31.0166
3558429 3558429 25.2629
4185895 4185895 30.8495
2926995 2926995 34.4763
5879181 5879181 32.0649
1453235 1453235 28.6678
4324348 4324348 24.8789
5945596 5945596 31.8549
5251703 5251703 28.9189
2309827 2309827 25.7812
3093740 3093740 30.8173
1306234 1306234 23.6678
2327165 2327165 23.1173
1612991 1612991 22.1297
2570153 2570153 32.0351
1899611 1899611 33.564
2851088 2851088 25.7117
1278146 1278146 28.2907
2191566 2191566 NA
1606629 1606629 30.216
5231086 5231086 25.8834
1225018 1225018 37.0607
3495527 3495527 30.2716
3299920 3299920 35.0617
1732281 1732281 26.5052
5904964 5904964 32.1978
3122326 3122326 37.5521
4507049 4507049 31.3007
3411061 3411061 41.9841
4900970 4900970 32.842
4255933 4255933 27.5062
4058545 4058545 29.4076
6016824 6016824 30.7062
1427704 1427704 32.9297
1071896 1071896 28.5611
1353346 1353346 26.6733
2410878 2410878 29.5036
3619531 3619531 40.3288
4557812 4557812 19.2006
3336785 3336785 32.9964
2934404 2934404 33.0104
4575731 4575731 23.2377
3559378 3559378 30.7112
5487598 5487598 27.3988
1012223 1012223 22.2338
4537194 4537194 23.1994
3269286 3269286 24.5028
5474909 5474909 35.0589
1737958 1737958 23.583
2314058 2314058 24.3827
1572265 1572265 31.1473
1959943 1959943 27.4074
2213288 2213288 24.9202
2044830 2044830 32.039
5832809 5832809 38.8672
4145861 4145861 33.6084
3992742 3992742 25.669
2300021 2300021 29.2577
5353921 5353921 32.5944
3284903 3284903 30.2985
1754561 1754561 27.8204
2373775 2373775 37.6109
1607453 1607453 24.4274
3477969 3477969 22.5359
4314449 4314449 39.2508
2613370 2613370 33.8583
5744834 5744834 28.8407
3892029 3892029 30.9917
5087565 5087565 29.3695
1131194 1131194 26.7401
4697630 4697630 32.9067
2577902 2577902 27.45
4616633 4616633 32.8007
5739855 5739855 36.0194
2456593 2456593 21.6296
1589416 1589416 26.986
4672108 4672108 33.9226
1232053 1232053 32.4438
1308343 1308343 27.2159
5574667 5574667 30.6585
1551560 1551560 26.7326
5632208 5632208 29.8122
2004917 2004917 24.8222
2990021 2990021 25.9259
4111907 4111907 31.8966
2382614 2382614 24.4628
5396038 5396038 29.6427
4630180 4630180 28.6328
1707254 1707254 25.0875
4654325 4654325 23.4339
2592519 2592519 33.4484
2823001 2823001 38.9844
2159135 2159135 29.4096
1238718 1238718 25.2629
1911854 1911854 28.2001
5597387 5597387 34.4742
4406917 4406917 32.1237
4359132 4359132 28.1796
5691384 5691384 31.9723
2736083 2736083 28.0026
3245752 3245752 32.637
4618704 4618704 31.7355
4523920 4523920 30.4611
1827756 1827756 42.5451
5658351 5658351 27.7679
5362536 5362536 29.4623
1635655 1635655 22.232
2438902 2438902 25.8744
2350326 2350326 30.2461
4121962 4121962 29.1003
1876065 1876065 41.9548
5056431 5056431 29.9116
3220801 3220801 28.9811
2610929 2610929 27.2531
3594279 3594279 28.0731
3562246 3562246 31.2452
2818970 2818970 26.6948
1580617 1580617 30.0789
3124503 3124503 22.534
1232387 1232387 45.6936
2787039 2787039 32.9819
2926377 2926377 27.3982
4695009 4695009 21.8264
4549277 4549277 25.9949
5906377 5906377 39.9496
3114654 3114654 24.614
5859722 5859722 28.3092
2067056 2067056 31.8764
2407760 2407760 20.4491
3375560 3375560 34.7559
2987679 2987679 39.9338
1781279 1781279 33.0211
2453078 2453078 31.2175
1556060 1556060 21.3967
4498646 4498646 27.6457
1271359 1271359 28.1245
5317719 5317719 35.8939
1597198 1597198 28.0822
4626405 4626405 29.8056
2531261 2531261 23.9309
3280735 3280735 24.5329
3995121 3995121 23.8444
4659392 4659392 25.6273
2148584 2148584 33.4073
5984375 5984375 33.3825
4249434 4249434 32.3028
2434091 2434091 29.8256
1571652 1571652 32.6294
3209243 3209243 41.2021
3735592 3735592 29.8557
3426457 3426457 31.0769
2062230 2062230 46.6806
1498353 1498353 29.0657
1771389 1771389 29.3029
4576208 4576208 34.8047
2149049 2149049 24.4473
1203597 1203597 28.6633
1159096 1159096 29.7973
2852675 2852675 24.7245
1070653 1070653 30.7862
2502933 2502933 33.0476
3154676 3154676 27.2445
2186191 2186191 24.5747
3711087 3711087 23.5937
3157303 3157303 39.028
4174859 4174859 28.1214
5892835 5892835 28.2477
4343821 4343821 27.5115
4808184 4808184 32.1527
4550463 4550463 29.668
3509859 3509859 37.0031
4980397 4980397 28.5156
3996186 3996186 42.7471
2491827 2491827 27.4235
3108756 3108756 27.6951
2323211 2323211 24.0186
6022442 6022442 21.8742
4502951 4502951 23.5388
3248811 3248811 33.2422
5507415 5507415 36.8166
2318164 2318164 21.8875
3150896 3150896 38.8246
4183299 4183299 30.5588
1803212 1803212 34.8387
2053104 2053104 32.4584
5511874 5511874 33.5176
1883622 1883622 24.1762
4648671 4648671 24.2989
3915910 3915910 23.2053
3966743 3966743 31.1575
4588773 4588773 30.7755
4305258 4305258 24.9056
2140101 2140101 33.5721
2552198 2552198 23.1991
2382273 2382273 28.2088
4629107 4629107 44.0234
4046096 4046096 26.6772
2571872 2571872 NA
4618762 4618762 41.5602
3342312 3342312 21.2448
4329658 4329658 32.3563
2833186 2833186 21.8782
3280143 3280143 24.0991
4389520 4389520 26.9949
3455432 3455432 33.1398
2611244 2611244 32.6032
3189689 3189689 29.1224
1663201 1663201 24.3893
5580548 5580548 28.5399
1696232 1696232 24.7199
4634157 4634157 41.7002
4774717 4774717 24.8816
4606608 4606608 39.2943
5054157 5054157 33.6616
2059234 2059234 26.514
3988440 3988440 29.3623
2155844 2155844 28.8183
3576156 3576156 29.3619
2574839 2574839 28.9619
5330981 5330981 25.5463
4913824 4913824 35.573
3683868 3683868 30.5247
3099587 3099587 30.5201
1091455 1091455 27.0238
3220370 3220370 22.9854
1637576 1637576 24.8061
2821248 2821248 30.9917
3781077 3781077 31.7301
2237998 2237998 26.9638
5519680 5519680 27.1792
3481023 3481023 33.3507
4708784 4708784 27.3523
4006862 4006862 34.9833
1173690 1173690 28.6979
5366633 5366633 25.134
5698650 5698650 33.4553
5804014 5804014 33.2341
3312844 3312844 33.2752
3986586 3986586 25.1426
2419603 2419603 25.1126
3326039 3326039 46.1016
1756410 1756410 NA
3900213 3900213 28.0064
1732539 1732539 27.0995
4121937 4121937 28.6726
2024289 2024289 32.05
3787239 3787239 24.1503
4834426 4834426 31.9818
2613642 2613642 23.5223
3173269 3173269 27.8852
2782719 2782719 33.379
3258359 3258359 29.087
4452608 4452608 NA
1905481 1905481 31.3127
2982912 2982912 23.391
5970164 5970164 40.979
4400908 4400908 31.0173
3571624 3571624 28.7214
3947846 3947846 30.5571
5108925 5108925 18.5224
2208340 2208340 25.2163
1061108 1061108 24.1572
5976870 5976870 30.0232
4727387 4727387 32.189
2048472 2048472 31.6263
3699945 3699945 31.4449
4189225 4189225 32.9521
4722373 4722373 32.7333
3803273 3803273 32.4202
4554562 4554562 32.3685
5218354 5218354 29.1749
5907884 5907884 24.3418
3867148 3867148 28.4083
5981072 5981072 26.2046
4669278 4669278 29.6094
2924443 2924443 23.0876
3840497 3840497 29.8904
1377744 1377744 29.7609
5718887 5718887 37.8602
3835750 3835750 31.5171
4873406 4873406 31.1184
2455096 2455096 28.1143
1361542 1361542 21.5432
1203346 1203346 32.2464
5144403 5144403 26.6208
5155397 5155397 29.2157
4848675 4848675 27.7427
5990287 5990287 25.5528
2550720 2550720 24.9291
4171940 4171940 27.1178
4424162 4424162 18.6107
1212566 1212566 24.9433
3418670 3418670 29.8309
4214504 4214504 27.9696
4333660 4333660 30.0842
2554477 2554477 39.4776
4718047 4718047 32.2421
2562872 2562872 25.8478
2954237 2954237 31.3795
4922711 4922711 22.3121
4263389 4263389 32.8964
3749644 3749644 NA
4607408 4607408 27.3099
1744448 1744448 40.5798
1123001 1123001 29.6908
1979796 1979796 32.7696
2818610 2818610 33.9761
2926350 2926350 24.1314
3786669 3786669 24.4051
4200354 4200354 31.7025
2369572 2369572 30.9023
5879865 5879865 24.4628
5556692 5556692 32.6376
1424596 1424596 31.6404
4013430 4013430 24.0601
2464336 2464336 31.1419
3934937 3934937 30.5787
4819983 4819983 30.7087
1629730 1629730 30.8889
2523846 2523846 26.5555
3380832 3380832 28.3599
3329430 3329430 29.2021
5100600 5100600 30.4487
5662992 5662992 26.571
2297914 2297914 21.8549
2894627 2894627 28.4384
2222606 2222606 24.4182
4937183 4937183 30.8845
4194545 4194545 28.3377
5400637 5400637 36.7439
3914499 3914499 36.6127
1013724 1013724 45.327
3300997 3300997 35.7986
2076385 2076385 30.9404
3336175 3336175 36.8359
1746146 1746146 24.8222
5111891 5111891 30.8252
1869109 1869109 30.9399
4839881 4839881 32.8973
4029829 4029829 27.5466
3806234 3806234 27.4418
5609999 5609999 28.9506
4526865 4526865 24.1579
3934789 3934789 NA
4267444 4267444 25.7571
6013352 6013352 23.8698
2281406 2281406 28.1627
2002576 2002576 NA
5791520 5791520 28.0219
4045989 4045989 43.0153
2438681 2438681 24.1284
5929275 5929275 38.7046
2941846 2941846 NA
4829964 4829964 22.5694
2432431 2432431 29.0418
4564153 4564153 26.0371
2334475 2334475 25.502
3401254 3401254 37.0315
2712524 2712524 31.7519
4243122 4243122 30.9016
4207428 4207428 34.4531
5915642 5915642 29.2011
3146149 3146149 26.4463
2708241 2708241 31.9429
3622906 3622906 40.2582
3718257 3718257 23.6654
4108291 4108291 23.9506
5187335 5187335 25.3636
1591009 1591009 29.0023
5894613 5894613 25.9729
1385759 1385759 23.9144
2085609 2085609 32.5494
3018928 3018928 22.0669
2556151 2556151 28.9844
1839996 1839996 29.447
5548243 5548243 31.8825
5695356 5695356 29.0018
4541163 4541163 32.8769
5725338 5725338 27.5468
5140462 5140462 32.1164
1694508 1694508 25.7851
2999012 2999012 53.837
2237357 2237357 35.3956
1781176 1781176 30.2608
3348783 3348783 25.0773
4611118 4611118 30.0712
3892926 3892926 37.5962
2290404 2290404 31.7413
4375154 4375154 23.3163
1515918 1515918 27.5763
5592550 5592550 39.5197
3067412 3067412 27.1731
5089876 5089876 27.8401
2423401 2423401 20.8828
5388824 5388824 42.3209
4074959 4074959 26.0417
2298499 2298499 40.0467
5155542 5155542 28.6661
3792959 3792959 26.2917
2191063 2191063 33.1313
3028959 3028959 26.0251
1187283 1187283 28.3003
6012845 6012845 28.7032
1027049 1027049 28.0624
5644405 5644405 22.7732
2892729 2892729 20.7554
1362977 1362977 27.6888
3282602 3282602 22.1004
1672594 1672594 38.6223
4968659 4968659 30.0947
5785326 5785326 34.6021
1473517 1473517 26.0162
2760543 2760543 24.8356
2366592 2366592 33.8814
2667527 2667527 41.0568
4722855 4722855 31.1697
5466116 5466116 24.4589
3597652 3597652 32.8691
2300111 2300111 30.5536
4334125 4334125 37.4224
4162891 4162891 32.8072
5274760 5274760 32.4868
4136974 4136974 23.6226
2262902 2262902 33.5992
2817639 2817639 28.4919
4019384 4019384 24.6755
4488965 4488965 27.9549
2249152 2249152 36.7252
2066715 2066715 32.2775
2794835 2794835 24.9992
2522257 2522257 28.4082
2605092 2605092 24.9324
3558887 3558887 42.2847
2659914 2659914 30.8596
2823420 2823420 24.6953
2533515 2533515 28.3253
1180089 1180089 23.9152
1652301 1652301 25.7099
4503249 4503249 22.7933
4173427 4173427 28.6895
5460204 5460204 23.2434
1150005 1150005 35.584
5812016 5812016 29.7339
3220473 3220473 28.504
1934293 1934293 32.4646
2144761 2144761 27.1502
1285945 1285945 28.1585
2976691 2976691 26.4816
2593318 2593318 28.6827
4978269 4978269 30.4498
5350635 5350635 27.5149
5103748 5103748 27.7319
3339783 3339783 29.827
4824381 4824381 27.1681
1122963 1122963 25.7067
3885694 3885694 25.0333
1316617 1316617 27.7778
3711617 3711617 26.0524
4595428 4595428 28.4737
2033313 2033313 23.486
1505083 1505083 33.0642
1054160 1054160 38.8162
3099227 3099227 24.9673
2244988 2244988 38.6946
4965815 4965815 39.1911
2198956 2198956 25.0519
3890396 3890396 34.8879
3630507 3630507 28.0541
5947107 5947107 28.2007
5229122 5229122 24.0416
1669680 1669680 25.7964
3945765 3945765 25.2439
3861499 3861499 32.8785
2782353 2782353 23.2216
5475144 5475144 27.2874
4886751 4886751 30.0238
5794249 5794249 29.5476
2193388 2193388 31.5029
2020271 2020271 29.1502
5033860 5033860 27.0532
3049916 3049916 23.255
5655516 5655516 29.5032
1902705 1902705 29.4076
5554021 5554021 28.7274
4724923 4724923 24.3757
4580263 4580263 27.4901
5071586 5071586 28.0623
1712251 1712251 32.0415
5166144 5166144 25.3302
3377735 3377735 33.923
5588106 5588106 35.0199
4710339 4710339 38.5547
2067598 2067598 26.3296
2393116 2393116 26.5565
3939757 3939757 26.7498
5585691 5585691 42.6457
2985663 2985663 25.1162
5014874 5014874 23.5613
2797511 2797511 48.0292
5923897 5923897 32.6362
1116998 1116998 30.3642
3208728 3208728 27.0416
5273253 5273253 27.5633
4603920 4603920 40.3912
2555366 2555366 24.579
3037740 3037740 40.9796
3036883 3036883 29.5398
4982644 4982644 29.5525
1275805 1275805 26.2645
4436914 4436914 29.616
5568155 5568155 28.0899
4654954 4654954 28.9262
1836967 1836967 31.326
3568069 3568069 36.8465
3753081 3753081 32.4218
4336814 4336814 35.531
3611464 3611464 26.2279
1605432 1605432 23.8895
3074565 3074565 31.4122
3072683 3072683 31.0136
4960971 4960971 30.138
1415469 1415469 NA
3927972 3927972 24.7859
3151227 3151227 26.4763
1138794 1138794 29.7828
2507059 2507059 31.3084
5811195 5811195 33.3276
5383335 5383335 30.0692
4478074 4478074 31.5815
4858660 4858660 27.3526
5720557 5720557 27.492
2055847 2055847 28.0816
4402178 4402178 25.9319
3440607 3440607 27.7769
5789902 5789902 25.7091
2816406 2816406 25.8946
3272886 3272886 33.07
2516228 2516228 34.7931
2625388 2625388 29.2446
5548008 5548008 35.5696
1283402 1283402 27.8857
2960902 2960902 25.796
1530807 1530807 37.5776
3230628 3230628 33.4092
1375590 1375590 37.135
3866000 3866000 34.0774
4577287 4577287 30.0225
1517109 1517109 28.8927
5441383 5441383 34.4458
3097868 3097868 25.3633
5607117 5607117 23.9869
3461719 3461719 27.3205
4572631 4572631 28.3739
3847146 3847146 26.4218
6004691 6004691 28.6035
5526276 5526276 22.5633
2127078 2127078 30.006
5661383 5661383 27.4235
1329184 1329184 30.5497
3022855 3022855 31.2295
2066575 2066575 29.4786
1988406 1988406 31.6443
5931339 5931339 37.539
3916030 3916030 34.1375
3734316 3734316 NA
5220325 5220325 35.1147
2276122 2276122 23.8572
2744705 2744705 41.5303
1324410 1324410 31.7594
4893184 4893184 29.4296
2933005 2933005 34.548
2729583 2729583 29.991
2327915 2327915 37.3394
2391069 2391069 28.5544
4561012 4561012 24.2701
5925740 5925740 24.0506
3877683 3877683 28.5633
5988178 5988178 34.8379
1309720 1309720 24.2587
4343583 4343583 25.1354
2233836 2233836 23.5723
2996726 2996726 30.4001
3155293 3155293 25.5006
1173533 1173533 30.7599
1431976 1431976 26.148
1211814 1211814 40.7253
4439325 4439325 28.3112
2858822 2858822 28.5871
5393837 5393837 27.6956
2875910 2875910 34.5892
2842918 2842918 35.4208
1416677 1416677 31.763
1373793 1373793 32.1712
4653184 4653184 22.7873
3459992 3459992 30.3237
1349125 1349125 26.6542
5010666 5010666 44.854
4284214 4284214 NA
3937348 3937348 30.1303
1752163 1752163 30.2663
4218315 4218315 28.4637
3051619 3051619 40.258
2848368 2848368 30.0712
1545732 1545732 25.5556
3369542 3369542 26.2987
2115908 2115908 28.793
2430262 2430262 28.3455
3907427 3907427 35.0496
4554150 4554150 30.6779
1407242 1407242 29.2196
3574851 3574851 31.2849
3926263 3926263 29.8468
4439428 4439428 33.0247
5728175 5728175 25.2994
4428644 4428644 23.8325
1215676 1215676 24.8706
1680361 1680361 27.393
4015134 4015134 26.6772
2429374 2429374 30.8904
4422992 4422992 35.4984
3285073 3285073 26.3245
3563445 3563445 37.9069
3386239 3386239 30.5858
1165025 1165025 43.0956
3068729 3068729 27.989
4972635 4972635 31.1138
1639268 1639268 23.6128
5874568 5874568 29.0174
3625756 3625756 22.2107
1741267 1741267 22.0285
5115630 5115630 26.7916
1356636 1356636 NA
2027057 2027057 28.3443
5311097 5311097 24.6021
2847682 2847682 36.9792
3761717 3761717 22.5451
4541999 4541999 35.7034
4777866 4777866 31.2771
4069931 4069931 27.4943
5704985 5704985 28.444
5357787 5357787 42.8125
4681432 4681432 21.8464
1378231 1378231 33.8574
4914954 4914954 27.8189
4097446 4097446 NA
1173559 1173559 26.3318
4225015 4225015 37.2991
1886249 1886249 26.9588
4571707 4571707 25.8844
3268090 3268090 46.1788
1306550 1306550 26.4236
3077499 3077499 35.8397
2364584 2364584 33.0234
2926166 2926166 31.7665
1005345 1005345 23.4559
4829203 4829203 27.2903
5628296 5628296 30.8216
5701747 5701747 36.5417
3263907 3263907 21.5856
2031480 2031480 28.2006
4393341 4393341 31.3251
5972335 5972335 24.9928
4235417 4235417 23.769
2468503 2468503 19.7378
5227737 5227737 42.2612
4449129 4449129 27.5652
1807963 1807963 34.7689
1143668 1143668 28.5535
1961728 1961728 23.1537
5910641 5910641 30.3516
2990629 2990629 34.5775
2163410 2163410 31.8254
2502450 2502450 35.7025
1464694 1464694 26.3994
2096106 2096106 24.5551
1613235 1613235 36.6535
1471016 1471016 25.727
5416121 5416121 26.3334
5082536 5082536 23.3556
3661188 3661188 46.4351
3882030 3882030 31.4086
2177861 2177861 28.4005
5026452 5026452 25.8278
3603996 3603996 21.4017
5948170 5948170 21.6837
3089866 3089866 25.1334
3305479 3305479 28.6674
2401539 2401539 28.9008
3414031 3414031 27.5439
5246125 5246125 NA
5277041 5277041 31.9559
4063824 4063824 36.4738
1060394 1060394 28.4766
5859225 5859225 27.5736
5513846 5513846 28.9698
5579103 5579103 29.7265
1463293 1463293 28.761
1467846 1467846 25.1553
3120941 3120941 27.9273
2286367 2286367 25.6319
2196671 2196671 30.4367
2993425 2993425 27.4811
3272208 3272208 28.0756
3212852 3212852 22.5194
1599789 1599789 33.7302
2506139 2506139 32.0589
1633158 1633158 NA
5451864 5451864 32.2945
3323680 3323680 27.6685
4430519 4430519 24.7856
5892213 5892213 22.782
3581114 3581114 26.2622
5332036 5332036 39.7176
5512747 5512747 26.4096
2403791 2403791 40.7238
3367175 3367175 28.8158
5908890 5908890 27.4418
3613097 3613097 44.658
1064796 1064796 39.7988
1815488 1815488 34.0472
1659549 1659549 30.3019
4985861 4985861 26.8307
2168242 2168242 23.7728
4503307 4503307 27.6795
4747019 4747019 28.7805
5521407 5521407 28.887
1722449 1722449 28.3075
3121093 3121093 27.4506
5842082 5842082 30.7374
1673637 1673637 37.1244
1372475 1372475 28.0624
4077111 4077111 26.3179
4170252 4170252 34.7282
4802923 4802923 25.0333
3291182 3291182 31.6397
2022878 2022878 27.8921
1676256 1676256 25.5914
1183905 1183905 26.1286
1462294 1462294 28.8519
2989870 2989870 26.7769
3157682 3157682 25.1701
1310313 1310313 26.9204
2699456 2699456 26.8565
4905548 4905548 28.7229
4521440 4521440 26.5744
4039467 4039467 27.5067
3463521 3463521 30.1592
1509662 1509662 26.4719
3586913 3586913 24.3091
3871595 3871595 26.7314
4924601 4924601 31.8753
3291350 3291350 32.6938
5912887 5912887 25.3006
5990732 5990732 26.4292
2810903 2810903 29.8047
1968673 1968673 23.5986
4211948 4211948 21.5319
3077071 3077071 29.7311
3653453 3653453 33.1451
4483662 4483662 30.5306
4447949 4447949 23.6926
1560575 1560575 27.8769
2827278 2827278 32.5424
5214014 5214014 30.4106
5972932 5972932 27.1977
3122590 3122590 25.8403
2106131 2106131 32.716
4915563 4915563 30.4659
4141978 4141978 26.673
2359978 2359978 19.2154
5981359 5981359 28.6288
5267520 5267520 21.9897
1272271 1272271 32.4467
1836346 1836346 26.329
1209721 1209721 30.8826
5629756 5629756 32.3556
4301555 4301555 37.7268
4480925 4480925 21.729
2371479 2371479 25.1354
5696100 5696100 32.6953
1467350 1467350 34.8828
2271149 2271149 27.7769
3938719 3938719 31.6447
4641550 4641550 34.123
4648161 4648161 31.7061
3838326 3838326 36.4062
3998986 3998986 26.8406
4202719 4202719 33.1042
3075652 3075652 26.7848
3606294 3606294 NA
2550096 2550096 36.9922
3752670 3752670 28.5032
4869062 4869062 30.2457
3372519 3372519 24.9653
4102290 4102290 24.3328
4338413 4338413 37.9521
5867003 5867003 41.8803
3666461 3666461 36.8767
4131159 4131159 36.052
5053021 5053021 30.4875
3685822 3685822 38.234
2282387 2282387 28.664
3185348 3185348 30.8231
2271182 2271182 30.8244
4369160 4369160 25.3961
2524296 2524296 35.3325
2828128 2828128 28.3391
4151747 4151747 30.3345
1983623 1983623 37.2285
1437393 1437393 NA
4937831 4937831 23.9875
3125387 3125387 26.3879
5197435 5197435 25.4068
1982447 1982447 26.4923
1613019 1613019 24.7128
2057579 2057579 27.0993
4346492 4346492 28.7052
2998366 2998366 27.9522
4229056 4229056 27.4939
2085269 2085269 36.4229
1764534 1764534 26.2917
4616528 4616528 37.5391
4990266 4990266 42.0791
4542573 4542573 23.219
2880652 2880652 22.2301
2508832 2508832 31.4039
4518573 4518573 25.0828
3916837 3916837 29.5211
5801776 5801776 41.0478
1639888 1639888 21.2803
3596987 3596987 31.405
1960807 1960807 43.5507
1842025 1842025 26.7394
5309600 5309600 32.5717
4894317 4894317 31.3027
5114554 5114554 29.6875
1158000 1158000 28.7268
3883914 3883914 32.3592
5415115 5415115 21.0494
1095791 1095791 24.3911
5080473 5080473 40.5078
4915189 4915189 31.4173
2639623 2639623 32.3437
2523736 2523736 23.1363
4771145 4771145 22.9946
5346871 5346871 31.3114
2154479 2154479 32.3503
4854783 4854783 22.567
4988151 4988151 23.8487
2207651 2207651 33.9873
4142819 4142819 30.6356
4903579 4903579 26.4037
3158582 3158582 31.1209
5510617 5510617 25.6708
4459200 4459200 25.695
5815154 5815154 32.7492
1980795 1980795 31.6866
2960598 2960598 27.2163
1680637 1680637 21.3021
3370116 3370116 24.1238
2465532 2465532 25.2792
3823034 3823034 29.2162
4673438 4673438 36.5234
5904421 5904421 25.0473
4287415 4287415 22.7595
4091039 4091039 26.2987
3096512 3096512 22.5567
1586161 1586161 24.6249
3115130 3115130 40.0014
3142689 3142689 27.8352
1745310 1745310 25.8667
3290622 3290622 27.8376
2233412 2233412 22.7488
3294900 3294900 29.6034
5220428 5220428 42.0251
2739313 2739313 29.7656
4919213 4919213 27.1195
1640083 1640083 28.3353
5104542 5104542 34.0246
1277557 1277557 27.5314
4307765 4307765 23.642
1798184 1798184 30.0099
1484482 1484482 24.6643
5910991 5910991 24.0484
4256774 4256774 27.3797
2237893 2237893 26.8565
5465129 5465129 22.1741
4781757 4781757 26.7769
4283947 4283947 25.6813
1902548 1902548 29.4544
2203928 2203928 33.1286
1224510 1224510 24.5639
4670969 4670969 30.556
3345624 3345624 26.0208
4311749 4311749 26.2738
4696255 4696255 30.6554
3490005 3490005 34.9524
4059557 4059557 27.2611
5885321 5885321 24.3661
3249990 3249990 23.3706
2424887 2424887 25.1553
4507960 4507960 28.4166
4362351 4362351 29.8056
1590485 1590485 24.098
2839767 2839767 25.2759
2706489 2706489 30.6131
2097827 2097827 29.01
3852201 3852201 35.713
5102456 5102456 40.4266
3501602 3501602 22.9224
5457152 5457152 25.0617
4109895 4109895 29.7469
4728129 4728129 34.3773
5194054 5194054 24.931
3828135 3828135 32.5082
3654684 3654684 26.6436
3097532 3097532 32.6953
2391977 2391977 29.4029
3504920 3504920 23.2053
1225888 1225888 25.1017
5116574 5116574 37.4873
3710601 3710601 NA
1023546 1023546 25.6749
2554566 2554566 26.5381
1097747 1097747 23.9198
2298397 2298397 29.8913
4864523 4864523 28.7347
3136221 3136221 21.271
2268761 2268761 37.9274
5536553 5536553 34.8366
2608199 2608199 19.6927
3277038 3277038 26.358
1988137 1988137 31.8616
4592037 4592037 25.6568
2563253 2563253 25.4321
2865151 2865151 32.5944
1150907 1150907 32.1875
1157702 1157702 35.2843
5450507 5450507 26.6016
5795536 5795536 34.6596
5392875 5392875 26.7737
5294918 5294918 31.0563
5325468 5325468 27.7558
1436213 1436213 37.4863
5230630 5230630 34.0479
3681597 3681597 31.835
5413286 5413286 46.4779
1333746 1333746 22.4551
2388507 2388507 28.5004
5026751 5026751 28.2699
3867197 3867197 24.3911
5701176 5701176 31.6959
2384843 2384843 35.8543
4711060 4711060 25.9869
2104832 2104832 28.4341
1266157 1266157 22.8462
5429185 5429185 31.1942
1163407 1163407 29.7754
1268061 1268061 28.5004
5002366 5002366 27.6993
5248591 5248591 54.158
5210217 5210217 30.0433
4761959 4761959 25.4685
3696893 3696893 23.1184
5022833 5022833 32.7735
2439877 2439877 35.2891
4635547 4635547 23.1882
1452039 1452039 37.1513
1280874 1280874 36.4082
2977066 2977066 31.9169
5377372 5377372 38.1841
4522604 4522604 37.1656
1560298 1560298 29.5508
5635695 5635695 29.1265
1886273 1886273 33.1454
3839164 3839164 19.4286
4719848 4719848 35.3625
4563605 4563605 31.157
3809257 3809257 NA
5190059 5190059 23.6276
4617897 4617897 32.9435
1004478 1004478 35.7034
3770936 3770936 32.7869
3294569 3294569 22.8196
3534871 3534871 38.3153
1377028 1377028 33.6485
1858951 1858951 29.1128
4027237 4027237 26.6211
3138688 3138688 24.6427
1945770 1945770 28.5289
4402919 4402919 22.8207
3016615 3016615 NA
5805125 5805125 33.6853
3883451 3883451 29.9597
3069596 3069596 28.3253
1968489 1968489 23.6836
5009183 5009183 29.4919
5135430 5135430 32.0817
5450581 5450581 30.1896
2610941 2610941 28.4082
4070474 4070474 31.8047
2808150 2808150 29.5317
2276556 2276556 34.7353
2294049 2294049 33.3452
4261627 4261627 24.9372
1849360 1849360 28.7971
2645546 2645546 28.9546
2114690 2114690 44.3374
2209978 2209978 26.6667
4313688 4313688 29.3519
3015180 3015180 24.3672
3495660 3495660 36.1536
2171164 2171164 34.3145
1594030 1594030 29.6036
2878230 2878230 34.4842
1941778 1941778 33.6481
5621994 5621994 28.4384
3064952 3064952 31.4272
1986385 1986385 21.6214
4401147 4401147 26.9666
3660194 3660194 42.5257
5574139 5574139 31.7261
6016700 6016700 30.1182
3210071 3210071 28.9189
3200040 3200040 23.5883
2721050 2721050 23.9158
4509682 4509682 26.0201
3774772 3774772 26.5285
3091907 3091907 32.0294
3226161 3226161 32.842
3248157 3248157 30.3302
6010135 6010135 36.0938
1511033 1511033 29.6285
2599551 2599551 30.8094
3579200 3579200 35.6607
5179762 5179762 29.8998
3377009 3377009 30.1769
5217660 5217660 34.5796
1513909 1513909 25.1797
4611162 4611162 25.8465
1359525 1359525 31.9355
1080322 1080322 24.4919
3703656 3703656 34.1596
1326944 1326944 32.1589
1971229 1971229 26.5966
1679740 1679740 29.1644
5999415 5999415 37.6892
5869290 5869290 26.1564
5869717 5869717 30.8019
5621644 5621644 26.903
5099860 5099860 30.5234
1278499 1278499 34.9072
5701850 5701850 37.0733
1682038 1682038 29.8437
3906223 3906223 30.6544
5577273 5577273 27.7069
2871104 2871104 23.8384
2361300 2361300 NA
1597516 1597516 31.8877
5894386 5894386 26.1775
5023423 5023423 28.2348
2821010 2821010 26.2696
5565926 5565926 30.1871
1755476 1755476 36.7357
3650734 3650734 30.4832
4533305 4533305 28.0445
4822332 4822332 28.6159
2900632 2900632 32.1377
2618618 2618618 31.5617
3186903 3186903 26.1892
2766679 2766679 35.4139
2714866 2714866 21.746
5364538 5364538 29.1814
5651174 5651174 31.0094
4876705 4876705 27.9297
5432720 5432720 29.5848
2833010 2833010 31.2049
3620555 3620555 30.4961
2551695 2551695 30.3688
3436162 3436162 23.5479
1141770 1141770 29.2024
4548844 4548844 34.2388
4874125 4874125 29.0688
4012410 4012410 23.2586
2117682 2117682 23.2815
4448092 4448092 28.8351
3541614 3541614 26.9044
2505676 2505676 27.2645
3271929 3271929 22.3776
3755925 3755925 23.1473
3068925 3068925 28.7638
3138175 3138175 30.525
1424863 1424863 24.4287
5323743 5323743 29.5398
5590633 5590633 25.9262
1813741 1813741 34.7266
4637695 4637695 26.0318
2823290 2823290 27.3588
1438097 1438097 28.434
3060992 3060992 27.4018
3638636 3638636 40.6641
5830410 5830410 35.1432
2888695 2888695 36.5398
2583514 2583514 25.1231
1146939 1146939 31.2818
1640828 1640828 27.0538
3058021 3058021 34.1855
3997649 3997649 23.3536
4548159 4548159 39.0772
1955765 1955765 28.6501
5067334 5067334 27.8705
4384109 4384109 28.0159
2573225 2573225 32.5078
2329287 2329287 23.7741
2384303 2384303 26.4292
2741234 2741234 26.2121
3414665 3414665 33.1834
4172948 4172948 27.7381
4639446 4639446 25.3146
4832461 4832461 42.5391
1104414 1104414 28.3387
5891221 5891221 34.0484
3589026 3589026 26.7229
5753768 5753768 28.9971
2111101 2111101 45.3536
3964812 3964812 23.2072
3771510 3771510 27.2399
3379488 3379488 31.0727
2135426 2135426 29.8665
1223516 1223516 23.2507
1651846 1651846 26.9667
3682799 3682799 28.8612
3758684 3758684 30.9711
4002747 4002747 27.6951
4935761 4935761 28.8866
5321753 5321753 38.5788
2604623 2604623 32.2708
1075362 1075362 48.4158
4497785 4497785 25.7407
1308244 1308244 24.3328
2924998 2924998 30.6315
4240896 4240896 33.1186
1042900 1042900 33.7539
5306092 5306092 29.6285
4283825 4283825 33.6129
3882094 3882094 30.4709
4301839 4301839 21.3407
1561030 1561030 25.7018
4591861 4591861 37.1244
1137562 1137562 35.2841
5063335 5063335 24.9202
1186649 1186649 31.3872
1559100 1559100 30.7422
5754636 5754636 21.0925
5634400 5634400 36.6811
4709211 4709211 23.845
4341841 4341841 28.3394
5179578 5179578 25.4534
5719152 5719152 31.0928
5128449 5128449 24.1878
1389636 1389636 29.0174
3831717 3831717 26.2292
4313079 4313079 25.7465
3937851 3937851 33.6123
5069894 5069894 27.3881
5179448 5179448 24.7288
2942117 2942117 31.0928
1323246 1323246 28.9229
2868133 2868133 26.8199
3330908 3330908 35.083
3270861 3270861 26.7933
4231803 4231803 36.609
5306895 5306895 21.044
1005319 1005319 33.801
3412972 3412972 32.8837
5820461 5820461 23.3958
5725604 5725604 31.2262
2516588 2516588 31.1649
3107227 3107227 26.0276
5686241 5686241 35.7925
2240945 2240945 21.227
1293717 1293717 28.1608
2024165 2024165 34.6479
1338909 1338909 21.6406
1010087 1010087 29.6053
2636439 2636439 32.9831
3769046 3769046 24.9787
5136655 5136655 36.2522
2546278 2546278 29.5062
1260311 1260311 31.9194
2759388 2759388 32.4568
2320263 2320263 35.0041
5504478 5504478 23.737
3223645 3223645 NA
1269975 1269975 30.7004
2638026 2638026 24.4452
3696076 3696076 33.3482
1861199 1861199 35.8689
2003133 2003133 35.5712
2852402 2852402 27.8603
5217081 5217081 29.1265
2757780 2757780 28.6424
4345906 4345906 26.7091
2205819 2205819 21.3294
1172163 1172163 28.9698
5373895 5373895 28.9955
4368530 4368530 33.3723
2957219 2957219 35.6201
5020713 5020713 36.3323
5242037 5242037 28.5483
2352263 2352263 40.6752
1939815 1939815 25.5943
5594149 5594149 28.3424
5354503 5354503 36.4048
1224569 1224569 46.0038
4987519 4987519 34.2449
1324277 1324277 23.7338
5046848 5046848 29.6285
2674842 2674842 27.6492
1537893 1537893 34.8291
1106822 1106822 29.3199
3211991 3211991 35.3279
5201979 5201979 30.3233
5024536 5024536 29.7592
2105477 2105477 25.8333
3048980 3048980 21.6797
1984835 1984835 27.438
1551759 1551759 29.6368
2121722 2121722 26.5047
2296303 2296303 20.5556
5429964 5429964 29.5874
4655082 4655082 29.4356
2422228 2422228 30.12
2809002 2809002 25.1685
2272948 2272948 38.7717
5838162 5838162 25.9437
4000112 4000112 28.8933
4374999 4374999 25.6173
4126361 4126361 25.9869
4351963 4351963 29.9359
3761904 3761904 33.7656
4035370 4035370 23.1578
5778454 5778454 30.6043
1695622 1695622 28.0612
3748569 3748569 31.2664
4983643 4983643 27.5265
1270652 1270652 44.1043
4542316 4542316 36.8704
2055510 2055510 27.2904
2413947 2413947 27.6655
3335250 3335250 37.3554
1871349 1871349 24.5389
3681572 3681572 27.6787
1820674 1820674 30.6831
4873636 4873636 26.7633
2684995 2684995 27.2531
5502481 5502481 27.7163
2179520 2179520 37.1036
2042284 2042284 25.0995
1593672 1593672 26.0699
3891269 3891269 27.5218
1378378 1378378 NA
5108859 5108859 24.2561
5602930 5602930 25.9938
2563324 2563324 28.3413
3945788 3945788 28.073
2427303 2427303 39.701
5100875 5100875 30.5138
3780765 3780765 23.3577
5340293 5340293 26.8206
5446520 5446520 27.9269
2622196 2622196 32.7694
3997438 3997438 25.1559
4301759 4301759 25.8044
2372361 2372361 30.3308
2545260 2545260 33.0211
5211329 5211329 24.9088
2623879 2623879 29.5858
4792600 4792600 30.6701
5020655 5020655 53.3701
5870064 5870064 23.8803
1646704 1646704 28.2461
2787987 2787987 28.5544
2278434 2278434 29.0612
1726089 1726089 28.0618
5050785 5050785 33.3819
2093580 2093580 28.3062
1638404 1638404 33.3966
5549297 5549297 30.3688
1772863 1772863 28.8856
2575556 2575556 24.9915
5137688 5137688 30.5735
4326870 4326870 40.3956
1170625 1170625 33.3888
4898798 4898798 36.4483
4219792 4219792 27.8325
1524615 1524615 30.6745
5804629 5804629 29.2021
2318992 2318992 28.2006
5387079 5387079 35.1203
3464749 3464749 34.64
1928209 1928209 40.1616
4429023 4429023 30.5853
3691049 3691049 29.3082
4028625 4028625 40.8536
5599077 5599077 29.86
5495911 5495911 29.6908
4111952 4111952 24.8816
1438828 1438828 29.8707
2388837 2388837 25.1547
5198485 5198485 29.127
4231835 4231835 34.1199
5778066 5778066 34.7485
5576971 5576971 25.2577
4428834 4428834 36.7772
4306416 4306416 25.6172
2506632 2506632 31.3801
2727066 2727066 31.6072
5383615 5383615 28.6242
4133252 4133252 26.7952
2531009 2531009 23.6244
5199572 5199572 34.0277
4719872 4719872 30.7011
2139950 2139950 35.0855
5217028 5217028 33.7539
1313894 1313894 20.9402
1573579 1573579 24.7759
3621602 3621602 21.83
5067381 5067381 38.2951
4952077 4952077 36.5377
4311782 4311782 NA
1987975 1987975 30.2663
