1073888 1073888 165
1891151 1891151 184
1619044 1619044 124
5533300 5533300 123
2059263 2059263 166
1614545 1614545 136
4358710 4358710 119
4312072 4312072 136
4787016 4787016 148
3332623 3332623 141
3307257 3307257 165
5086862 5086862 141
1039214 1039214 136
1864404 1864404 162
2243095 2243095 127
2310328 2310328 176
3411089 3411089 135
1696598 1696598 169
1463009 1463009 144
5895867 5895867 154
5351598 5351598 132
4563410 4563410 129
3925331 3925331 NA
1212488 1212488 167
4933534 4933534 110
2398257 2398257 114
3538637 3538637 140
1606653 1606653 154
4697145 4697145 145
2440457 2440457 144
5345030 5345030 NA
3574679 3574679 145
1334096 1334096 115
5345702 5345702 112
2489324 2489324 148
4733208 4733208 135
4414892 4414892 141
5411944 5411944 143
2310167 2310167 146
5405880 5405880 172
5805731 5805731 186
4440412 4440412 134
3832095 3832095 108
2292629 2292629 150
3510374 3510374 157
4444587 4444587 NA
2432973 2432973 179
2231826 2231826 200
2265656 2265656 113
4716231 4716231 214
5491502 5491502 144
5152917 5152917 136
3071980 3071980 136
3922791 3922791 168
2736479 2736479 158
3825436 3825436 148
4008650 4008650 141
5722733 5722733 115
5895224 5895224 182
3661484 3661484 142
3884460 3884460 116
2382031 2382031 150
1842869 1842869 107
2061032 2061032 112
5343592 5343592 134
3151900 3151900 136
4114648 4114648 125
5189895 5189895 154
5823829 5823829 128
5394357 5394357 123
3728184 3728184 132
4657045 4657045 155
4304026 4304026 144
5208831 5208831 119
5724851 5724851 NA
4912178 4912178 137
3658101 3658101 160
1025549 1025549 127
1543796 1543796 126
5467117 5467117 116
1697987 1697987 118
4944743 4944743 120
4999491 4999491 134
1442354 1442354 116
1257417 1257417 NA
5361701 5361701 138
4502852 4502852 124
3700179 3700179 147
4029885 4029885 130
2198328 2198328 174
3530848 3530848 120
1597642 1597642 142
1230693 1230693 136
4779841 4779841 153
5899047 5899047 123
2929974 2929974 136
5769946 5769946 137
4480917 4480917 162
1240346 1240346 113
1207643 1207643 137
4690784 4690784 162
5131948 5131948 173
3023426 3023426 130
5398819 5398819 144
5199786 5199786 135
2273992 2273992 146
3916214 3916214 165
2229516 2229516 167
2535424 2535424 157
4605621 4605621 NA
1637841 1637841 140
5775750 5775750 146
1286816 1286816 157
3594705 3594705 142
1696547 1696547 144
1793536 1793536 128
3442935 3442935 149
3575749 3575749 126
4169033 4169033 184
4196354 4196354 130
1255150 1255150 143
2305046 2305046 166
5378260 5378260 150
4532639 4532639 144
2326178 2326178 130
5851007 5851007 136
5091541 5091541 163
1434090 1434090 155
5433916 5433916 101
2586208 2586208 128
5646009 5646009 142
5245794 5245794 151
3490827 3490827 142
4015489 4015489 174
3520596 3520596 157
3436235 3436235 120
5989373 5989373 129
2552899 2552899 129
2749880 2749880 137
5470645 5470645 179
1218353 1218353 144
1637885 1637885 127
3219926 3219926 134
1864645 1864645 130
5517603 5517603 114
5716123 5716123 116
1231713 1231713 146
4028022 4028022 161
3895342 3895342 133
1961164 1961164 110
4584974 4584974 142
1443343 1443343 130
1148316 1148316 116
3734196 3734196 149
5589497 5589497 128
2058538 2058538 144
5655661 5655661 166
3647106 3647106 134
3683043 3683043 126
5923953 5923953 107
4025201 4025201 147
1552861 1552861 140
1124802 1124802 127
3073264 3073264 136
1070987 1070987 149
2878409 2878409 159
4223001 4223001 119
5465254 5465254 126
3317823 3317823 176
6003109 6003109 146
5861699 5861699 127
2567181 2567181 197
4018419 4018419 146
5621333 5621333 128
5934917 5934917 198
3068688 3068688 123
4418837 4418837 174
5354167 5354167 155
5146888 5146888 116
1136336 1136336 170
1062125 1062125 128
1488923 1488923 135
3792421 3792421 113
4705071 4705071 135
4805078 4805078 NA
2254654 2254654 116
2302634 2302634 116
1663690 1663690 157
1694196 1694196 142
2499770 2499770 129
4976449 4976449 109
1136894 1136894 181
3320210 3320210 127
1941518 1941518 169
2188773 2188773 119
5817748 5817748 118
1652403 1652403 156
3165947 3165947 144
3863545 3863545 149
1262479 1262479 152
1485302 1485302 138
1596630 1596630 131
1578802 1578802 141
4769908 4769908 144
5369632 5369632 158
4457140 4457140 137
2038225 2038225 108
1923247 1923247 129
3069048 3069048 136
2349376 2349376 113
4564278 4564278 157
4596671 4596671 124
2288737 2288737 142
2532136 2532136 145
3834926 3834926 170
2409035 2409035 172
4272798 4272798 135
2929175 2929175 125
3138820 3138820 127
2155642 2155642 124
2160666 2160666 119
2369839 2369839 174
5012745 5012745 156
2453362 2453362 162
1811160 1811160 163
2886070 2886070 126
2106985 2106985 150
3811180 3811180 166
2250352 2250352 132
1941541 1941541 131
1743745 1743745 148
5230295 5230295 133
5552830 5552830 124
4788918 4788918 130
4857400 4857400 137
4071296 4071296 174
5157089 5157089 152
4257138 4257138 152
3725965 3725965 157
4129466 4129466 140
4838227 4838227 164
3129492 3129492 122
4544742 4544742 125
1005376 1005376 116
2824513 2824513 121
4849741 4849741 134
2114755 2114755 156
4275317 4275317 149
4145137 4145137 136
2263865 2263865 145
3324029 3324029 184
2275682 2275682 160
5038284 5038284 106
4600306 4600306 127
5274931 5274931 114
3869639 3869639 172
5278302 5278302 117
3112624 3112624 156
3173947 3173947 149
4619177 4619177 158
5881764 5881764 140
3224071 3224071 131
2255339 2255339 153
4186301 4186301 176
5123969 5123969 175
1656851 1656851 175
3987006 3987006 151
1400996 1400996 119
2668975 2668975 175
3222176 3222176 161
3491599 3491599 118
3076242 3076242 138
5455440 5455440 94
5663698 5663698 154
3848451 3848451 141
5675410 5675410 151
3928878 3928878 NA
2108173 2108173 184
2546034 2546034 140
3692127 3692127 118
4170001 4170001 135
1649089 1649089 166
1660466 1660466 160
3540380 3540380 NA
4566280 4566280 211
4239780 4239780 NA
3901495 3901495 144
2508022 2508022 125
5079780 5079780 154
1792902 1792902 122
4974755 4974755 132
4737853 4737853 NA
4638318 4638318 131
2396578 2396578 121
1549070 1549070 131
2586864 2586864 143
3605100 3605100 119
1669994 1669994 101
5682214 5682214 164
3052983 3052983 138
5300861 5300861 135
1449966 1449966 120
4643746 4643746 131
2110972 2110972 122
3029286 3029286 128
3206293 3206293 166
3061683 3061683 122
5063967 5063967 145
5582211 5582211 NA
3731059 3731059 129
1823365 1823365 150
1848245 1848245 202
1991501 1991501 169
4918029 4918029 172
2468113 2468113 106
1564529 1564529 133
2433753 2433753 132
3759539 3759539 150
4850326 4850326 199
5847261 5847261 151
1080560 1080560 143
5945834 5945834 145
5050472 5050472 118
3070328 3070328 116
5158410 5158410 151
2950035 2950035 147
4185317 4185317 135
5141048 5141048 127
2865056 2865056 134
1009687 1009687 120
1236221 1236221 168
5755281 5755281 129
2809208 2809208 175
4658798 4658798 135
4773393 4773393 159
5758710 5758710 151
3182251 3182251 133
4995736 4995736 133
5676424 5676424 123
4263766 4263766 121
5050208 5050208 134
2829984 2829984 134
1348255 1348255 129
4408128 4408128 111
5659542 5659542 152
2427438 2427438 126
3154505 3154505 161
3706500 3706500 156
3958240 3958240 156
1379634 1379634 169
4698368 4698368 111
3105826 3105826 148
5301610 5301610 124
5357242 5357242 111
2926846 2926846 148
3148541 3148541 149
1308074 1308074 127
1356655 1356655 131
5925552 5925552 139
5915745 5915745 NA
4291184 4291184 152
1842724 1842724 138
5090645 5090645 156
5548117 5548117 159
5938969 5938969 160
4914604 4914604 143
3635769 3635769 150
2522029 2522029 148
4882328 4882328 154
5545218 5545218 120
1841142 1841142 165
1841955 1841955 109
3070785 3070785 162
3534886 3534886 155
1148034 1148034 135
1803155 1803155 98
2755156 2755156 132
3596389 3596389 146
5363213 5363213 137
2199863 2199863 159
3033319 3033319 139
1875047 1875047 132
4481268 4481268 136
1709056 1709056 NA
3929284 3929284 139
1393968 1393968 137
2211593 2211593 143
1002501 1002501 140
2034758 2034758 129
4723894 4723894 133
1869374 1869374 117
2495678 2495678 121
1684256 1684256 120
2094123 2094123 154
4484855 4484855 158
3372534 3372534 143
3823170 3823170 140
2355200 2355200 111
4007883 4007883 158
5261315 5261315 136
1209122 1209122 135
3235294 3235294 136
2372857 2372857 230
2786607 2786607 175
3863138 3863138 128
5185596 5185596 120
2168518 2168518 136
3046460 3046460 127
5336228 5336228 156
3870722 3870722 151
4652556 4652556 181
4934817 4934817 178
5589820 5589820 115
1975635 1975635 125
3116024 3116024 132
2946963 2946963 138
5259622 5259622 157
2754751 2754751 131
5894769 5894769 115
1411054 1411054 127
5952024 5952024 129
2989277 2989277 126
4794594 4794594 118
5057525 5057525 164
4688256 4688256 163
1531867 1531867 135
2897748 2897748 132
4642455 4642455 165
4897838 4897838 130
2806748 2806748 143
2184974 2184974 159
1266168 1266168 131
1918317 1918317 131
5590138 5590138 158
3311721 3311721 113
3068251 3068251 137
1926359 1926359 126
4284073 4284073 113
2067559 2067559 153
4621325 4621325 145
1564484 1564484 140
1820272 1820272 117
5962357 5962357 116
5690415 5690415 147
5444842 5444842 129
3058298 3058298 147
1991532 1991532 165
1835068 1835068 158
5782135 5782135 143
3626586 3626586 135
1349702 1349702 153
4174167 4174167 145
1580304 1580304 111
1468313 1468313 179
3609350 3609350 130
4426470 4426470 151
2857563 2857563 129
2373196 2373196 164
5819091 5819091 125
5991962 5991962 137
2259082 2259082 123
1577072 1577072 137
2106761 2106761 160
5857506 5857506 149
3825650 3825650 124
2735388 2735388 150
5792380 5792380 111
2126489 2126489 160
5473203 5473203 130
2487704 2487704 155
2253884 2253884 138
2380767 2380767 201
5734528 5734528 135
4640964 4640964 140
4384575 4384575 125
3103400 3103400 140
5031003 5031003 102
2065191 2065191 129
5237751 5237751 158
2135706 2135706 140
2082680 2082680 155
1130157 1130157 NA
5771252 5771252 147
5185881 5185881 117
2311771 2311771 165
2788890 2788890 125
2787670 2787670 NA
5131313 5131313 139
3736093 3736093 117
2927558 2927558 113
2277121 2277121 126
4671716 4671716 124
5943849 5943849 129
3264232 3264232 155
3124460 3124460 126
4379745 4379745 NA
3968532 3968532 135
4774996 4774996 131
4558498 4558498 NA
1171141 1171141 130
4031380 4031380 134
4348179 4348179 140
2375455 2375455 99
5941974 5941974 156
1131182 1131182 128
2253567 2253567 132
2374422 2374422 179
2829846 2829846 154
3088521 3088521 152
3290565 3290565 143
4301865 4301865 146
5048690 5048690 136
3519695 3519695 NA
5333900 5333900 170
1171672 1171672 195
1846636 1846636 154
3437497 3437497 139
1646436 1646436 156
2821763 2821763 143
1942766 1942766 117
3825833 3825833 135
3963385 3963385 122
4340730 4340730 148
4190607 4190607 114
5011542 5011542 152
2326499 2326499 197
3038571 3038571 NA
3785210 3785210 142
5785686 5785686 132
1514340 1514340 204
3658328 3658328 127
2181803 2181803 137
5738086 5738086 134
4691729 4691729 174
2947541 2947541 141
5025169 5025169 130
5907039 5907039 151
5721141 5721141 161
3967585 3967585 109
5447922 5447922 119
5510523 5510523 118
2479332 2479332 144
4760875 4760875 148
1530106 1530106 136
4838770 4838770 110
2920369 2920369 126
1349487 1349487 NA
3103901 3103901 132
3024453 3024453 115
4712434 4712434 150
4735713 4735713 148
5404200 5404200 175
2694010 2694010 177
3565676 3565676 151
1515836 1515836 175
4568845 4568845 129
5601361 5601361 114
5490150 5490150 190
5888297 5888297 123
3166789 3166789 132
2479545 2479545 143
2913949 2913949 145
1453063 1453063 122
5614564 5614564 107
1537492 1537492 150
4743824 4743824 123
1721229 1721229 134
3580000 3580000 172
5887808 5887808 165
3086331 3086331 131
2333115 2333115 121
1673629 1673629 146
2560375 2560375 148
5685747 5685747 132
1316858 1316858 142
1918434 1918434 153
3449245 3449245 123
2195935 2195935 170
1727124 1727124 162
2071938 2071938 145
1689976 1689976 141
3806373 3806373 135
3795755 3795755 150
2006262 2006262 136
5097531 5097531 129
5864344 5864344 140
5039201 5039201 130
5948488 5948488 131
5636298 5636298 142
5660694 5660694 128
5750284 5750284 130
4885241 4885241 135
1130327 1130327 107
5045947 5045947 144
4817602 4817602 149
2123609 2123609 114
1466823 1466823 167
4440131 4440131 122
5373428 5373428 132
2156269 2156269 128
5330229 5330229 153
2754183 2754183 112
3899364 3899364 128
5075712 5075712 189
1562652 1562652 130
1456425 1456425 182
1936971 1936971 156
5493447 5493447 124
1992927 1992927 125
3623161 3623161 152
4712111 4712111 136
4718204 4718204 147
1408782 1408782 121
1519455 1519455 111
1012651 1012651 155
4489214 4489214 141
2553206 2553206 162
1222049 1222049 161
3171596 3171596 136
1522974 1522974 140
4139130 4139130 124
1966266 1966266 128
1132478 1132478 105
3618454 3618454 122
4877248 4877248 166
2163399 2163399 168
4613690 4613690 156
3077154 3077154 129
3841548 3841548 154
2180514 2180514 168
2439152 2439152 182
5078220 5078220 141
4798927 4798927 153
5074319 5074319 142
1110513 1110513 156
1971788 1971788 193
2224354 2224354 143
5869394 5869394 141
1304595 1304595 138
3487806 3487806 163
1522961 1522961 121
2073657 2073657 NA
3996880 3996880 158
3689620 3689620 140
1534264 1534264 140
1831699 1831699 167
4583776 4583776 161
4512447 4512447 116
4449959 4449959 131
1187341 1187341 141
5053575 5053575 143
5974218 5974218 124
2168504 2168504 131
5047410 5047410 130
1138641 1138641 147
2787021 2787021 156
2773070 2773070 158
2316200 2316200 132
1838372 1838372 163
3855988 3855988 163
4074998 4074998 110
3855164 3855164 165
4248450 4248450 147
4766403 4766403 152
2466911 2466911 133
2217155 2217155 119
5498268 5498268 192
3673753 3673753 138
5481281 5481281 158
1091812 1091812 111
5356122 5356122 134
3538831 3538831 145
2585066 2585066 135
4120331 4120331 110
3952631 3952631 130
4223904 4223904 141
3363705 3363705 130
4691345 4691345 134
1273660 1273660 158
2620938 2620938 122
3981684 3981684 144
4550092 4550092 142
5334494 5334494 120
1968085 1968085 129
1620239 1620239 172
2740153 2740153 134
2707719 2707719 159
4232740 4232740 163
4818069 4818069 140
3888205 3888205 140
5070245 5070245 146
4722717 4722717 104
5334790 5334790 108
1142811 1142811 165
5231103 5231103 134
4492760 4492760 139
3486707 3486707 NA
3455033 3455033 138
1312929 1312929 104
5007257 5007257 139
1490554 1490554 141
5534953 5534953 148
1180869 1180869 150
2630039 2630039 151
2576021 2576021 135
2877351 2877351 132
3382152 3382152 153
5802561 5802561 154
4271508 4271508 128
2727647 2727647 149
4324866 4324866 138
5232661 5232661 118
3214466 3214466 145
5095961 5095961 130
1924099 1924099 138
3884554 3884554 160
2391661 2391661 160
5441589 5441589 166
2372325 2372325 122
3302970 3302970 118
1732252 1732252 123
2804726 2804726 136
5087140 5087140 142
2438607 2438607 148
4801403 4801403 145
1703855 1703855 119
2697008 2697008 129
1238591 1238591 137
3959275 3959275 153
3539443 3539443 118
5522908 5522908 120
1219358 1219358 157
1160328 1160328 112
1303692 1303692 160
2592403 2592403 NA
5690260 5690260 125
4735817 4735817 124
5960871 5960871 150
1648041 1648041 126
5461014 5461014 146
4604633 4604633 159
5941587 5941587 121
1797833 1797833 144
5654675 5654675 128
5450659 5450659 172
5439036 5439036 147
1584500 1584500 140
5834213 5834213 NA
2350410 2350410 154
3390093 3390093 152
2750537 2750537 148
2394111 2394111 135
1047564 1047564 117
5198533 5198533 113
5351968 5351968 113
4061875 4061875 139
4132538 4132538 157
1467388 1467388 113
2739960 2739960 160
2791411 2791411 127
3037671 3037671 168
1409488 1409488 143
1488213 1488213 107
3649141 3649141 134
4065375 4065375 129
1236358 1236358 154
5926319 5926319 119
2044788 2044788 140
5277975 5277975 141
1098874 1098874 110
3260612 3260612 123
2371845 2371845 146
1992746 1992746 151
4230116 4230116 122
1602273 1602273 131
4998415 4998415 119
5716550 5716550 132
5618235 5618235 149
1441278 1441278 179
4790509 4790509 165
3454944 3454944 129
3454630 3454630 162
5449938 5449938 145
4914393 4914393 135
3642671 3642671 123
3475588 3475588 144
5911454 5911454 140
4086482 4086482 144
4744043 4744043 139
2904065 2904065 139
5540162 5540162 167
2256703 2256703 146
1798738 1798738 110
4442983 4442983 164
3021729 3021729 129
3233414 3233414 166
4282857 4282857 143
3896784 3896784 164
2647341 2647341 137
1917048 1917048 117
1098594 1098594 141
1843850 1843850 135
5185819 5185819 147
1479419 1479419 117
1756446 1756446 141
2123530 2123530 144
2184390 2184390 169
1560356 1560356 149
2214045 2214045 171
3212083 3212083 138
4006723 4006723 181
1524493 1524493 158
3277736 3277736 147
1985982 1985982 148
4954049 4954049 136
2369958 2369958 109
4533083 4533083 126
3411339 3411339 181
4690265 4690265 167
1067994 1067994 136
3478722 3478722 141
1875383 1875383 156
2349587 2349587 123
3547145 3547145 113
1297838 1297838 123
1721324 1721324 163
2774106 2774106 131
1433853 1433853 144
3022349 3022349 156
2130235 2130235 119
4839256 4839256 102
1362164 1362164 135
1379663 1379663 138
1648694 1648694 164
3633765 3633765 NA
3406073 3406073 140
5038913 5038913 165
1904413 1904413 124
3301068 3301068 118
4500426 4500426 229
5981746 5981746 149
1673006 1673006 146
4630460 4630460 130
2704702 2704702 143
4757807 4757807 138
2951045 2951045 140
3104644 3104644 115
3722061 3722061 154
1416132 1416132 127
5991099 5991099 152
5483632 5483632 180
5980388 5980388 133
5631700 5631700 116
2435861 2435861 121
4162984 4162984 135
2164316 2164316 132
2848842 2848842 121
2286125 2286125 149
6005453 6005453 171
5713510 5713510 147
5614854 5614854 132
2474131 2474131 129
2730898 2730898 153
2073963 2073963 163
3884249 3884249 109
5775191 5775191 134
1751331 1751331 NA
4281626 4281626 126
4700246 4700246 139
3018372 3018372 183
3404739 3404739 176
2435609 2435609 112
3493833 3493833 130
3684937 3684937 137
5094983 5094983 135
3179433 3179433 177
4155388 4155388 187
3035465 3035465 151
4182651 4182651 120
3785291 3785291 133
1450995 1450995 118
2070117 2070117 173
3794824 3794824 123
3685533 3685533 140
3220415 3220415 143
3996939 3996939 140
4852836 4852836 136
4004631 4004631 114
1857727 1857727 159
4952183 4952183 125
5161642 5161642 141
2607349 2607349 140
1619646 1619646 155
3122885 3122885 113
5707739 5707739 157
2881927 2881927 120
4043527 4043527 133
4705589 4705589 138
5370215 5370215 129
5952890 5952890 148
5895105 5895105 123
3367215 3367215 141
1412623 1412623 143
1613758 1613758 159
3066277 3066277 129
3251012 3251012 NA
5025721 5025721 135
3754358 3754358 129
4319712 4319712 118
4687300 4687300 150
1643836 1643836 131
5973388 5973388 127
4541190 4541190 115
3881571 3881571 148
1340175 1340175 103
5030150 5030150 126
5678615 5678615 157
3368140 3368140 143
5636160 5636160 147
2081513 2081513 143
4257829 4257829 NA
3008612 3008612 123
2047622 2047622 130
2631288 2631288 117
1775129 1775129 118
5545500 5545500 164
2774845 2774845 135
3974371 3974371 128
2928845 2928845 118
3356675 3356675 130
1304494 1304494 136
1763799 1763799 171
4882737 4882737 134
1672063 1672063 139
4827553 4827553 198
2747547 2747547 140
1193699 1193699 151
1332961 1332961 137
2231880 2231880 132
3053482 3053482 128
2555219 2555219 133
2600988 2600988 132
5154944 5154944 160
3004583 3004583 137
2622185 2622185 188
2307820 2307820 116
1165783 1165783 134
1579141 1579141 188
2094669 2094669 164
1356421 1356421 129
2813438 2813438 156
2807021 2807021 157
1447131 1447131 145
4979092 4979092 146
1459929 1459929 155
5328933 5328933 139
1835282 1835282 NA
1259247 1259247 107
1258971 1258971 146
3749225 3749225 129
2329874 2329874 130
2413196 2413196 129
4002493 4002493 143
5130286 5130286 155
5837438 5837438 134
3652062 3652062 126
4712840 4712840 152
5970054 5970054 156
2901255 2901255 138
1000388 1000388 140
1740080 1740080 147
5080734 5080734 141
4428553 4428553 160
2114846 2114846 161
2959364 2959364 158
2699018 2699018 130
1956259 1956259 130
1676807 1676807 164
5722548 5722548 125
2165929 2165929 151
4683332 4683332 120
5014648 5014648 135
5347655 5347655 125
3184041 3184041 145
3214707 3214707 143
1632293 1632293 139
1364450 1364450 142
2740609 2740609 114
4883791 4883791 151
5875153 5875153 126
2318147 2318147 130
5963361 5963361 182
3769010 3769010 144
5654613 5654613 136
1551062 1551062 149
2693294 2693294 119
5075798 5075798 149
2472246 2472246 133
5889094 5889094 NA
5768775 5768775 150
1105459 1105459 148
4127869 4127869 138
1894665 1894665 125
3074855 3074855 159
5966347 5966347 114
4158362 4158362 146
1552291 1552291 163
1245116 1245116 135
3755898 3755898 121
3791400 3791400 147
3372478 3372478 NA
5832506 5832506 138
4127736 4127736 146
3831550 3831550 NA
5057372 5057372 125
5859735 5859735 144
4873081 4873081 136
5133268 5133268 154
1855521 1855521 132
1957042 1957042 153
2225684 2225684 115
4935080 4935080 152
1556787 1556787 123
1070567 1070567 105
4801193 4801193 163
2233102 2233102 120
5192834 5192834 135
3730163 3730163 127
5441372 5441372 131
5600945 5600945 123
5069169 5069169 124
5530199 5530199 146
2778373 2778373 170
3153413 3153413 135
1481987 1481987 121
3175266 3175266 161
5554452 5554452 140
2284229 2284229 129
3729830 3729830 152
1377609 1377609 167
5524473 5524473 123
2921241 2921241 143
4334686 4334686 122
2826820 2826820 NA
4735357 4735357 146
2681352 2681352 145
1905773 1905773 111
5952710 5952710 129
5936894 5936894 135
3416706 3416706 137
3383377 3383377 138
3317220 3317220 145
2571635 2571635 144
3693536 3693536 143
3361671 3361671 109
1147814 1147814 166
1076624 1076624 165
2837261 2837261 NA
1395773 1395773 135
5181334 5181334 122
1754309 1754309 108
1377269 1377269 126
2739804 2739804 148
3085992 3085992 157
2987589 2987589 135
1543144 1543144 125
3510300 3510300 156
4510757 4510757 146
2213206 2213206 133
3079051 3079051 115
1703001 1703001 128
4988213 4988213 125
5300052 5300052 141
3733647 3733647 130
4563576 4563576 127
4199327 4199327 153
4272511 4272511 126
2623389 2623389 121
3885442 3885442 129
3707769 3707769 133
5646791 5646791 153
2785219 2785219 107
1926457 1926457 129
4308921 4308921 111
1395816 1395816 202
2558644 2558644 134
4900245 4900245 NA
5393491 5393491 194
4603971 4603971 139
5599558 5599558 138
4845514 4845514 156
2796260 2796260 117
3086947 3086947 115
2192786 2192786 118
3431896 3431896 108
1880754 1880754 155
4655454 4655454 153
1953699 1953699 119
3189164 3189164 153
3189763 3189763 143
5098475 5098475 124
1093589 1093589 151
4775365 4775365 121
2835560 2835560 139
5728424 5728424 111
3132843 3132843 131
2696577 2696577 176
1591791 1591791 127
4329423 4329423 143
1202093 1202093 137
5687754 5687754 122
2394991 2394991 163
4978141 4978141 121
5838340 5838340 164
2419351 2419351 173
2431247 2431247 144
1835376 1835376 153
3440151 3440151 157
1221619 1221619 167
4064389 4064389 144
3567360 3567360 140
4245106 4245106 131
4615160 4615160 146
1361253 1361253 157
1912837 1912837 131
5253063 5253063 138
3918925 3918925 NA
4297887 4297887 NA
5331338 5331338 135
2830756 2830756 179
4039525 4039525 129
5898315 5898315 177
5215422 5215422 184
1153900 1153900 142
3615602 3615602 150
4946997 4946997 117
2256347 2256347 133
4355941 4355941 123
3663905 3663905 144
5480222 5480222 137
2153119 2153119 155
3822300 3822300 117
3357480 3357480 149
4462599 4462599 112
1678105 1678105 166
2061327 2061327 157
3939375 3939375 123
4652480 4652480 118
1086878 1086878 142
4326612 4326612 132
3037138 3037138 174
3667801 3667801 207
2247100 2247100 134
5518753 5518753 142
3808321 3808321 139
4362405 4362405 142
5716447 5716447 128
5600792 5600792 166
1505386 1505386 120
2683122 2683122 172
3034147 3034147 151
1157214 1157214 169
5749309 5749309 128
1269107 1269107 163
3766476 3766476 134
2448705 2448705 129
4475947 4475947 114
3851911 3851911 126
2965307 2965307 136
2277468 2277468 131
3356699 3356699 135
5643575 5643575 124
2751988 2751988 199
5846657 5846657 138
1393634 1393634 144
2555848 2555848 139
1722283 1722283 155
1443559 1443559 159
2831437 2831437 126
4032441 4032441 143
5274343 5274343 162
5873554 5873554 173
4578999 4578999 165
5840811 5840811 147
3692748 3692748 121
1219698 1219698 154
4709579 4709579 133
3830964 3830964 127
3291115 3291115 123
2585193 2585193 128
3353389 3353389 118
6009664 6009664 164
1884604 1884604 NA
3666037 3666037 130
4365402 4365402 157
4451648 4451648 145
3785246 3785246 198
2273105 2273105 146
2876698 2876698 174
1241253 1241253 158
5933776 5933776 181
1994992 1994992 148
3869796 3869796 122
3148504 3148504 134
1138264 1138264 158
2001835 2001835 134
5145175 5145175 122
2024915 2024915 144
2969717 2969717 156
4029960 4029960 165
2995656 2995656 139
2834535 2834535 123
1710076 1710076 156
1834818 1834818 108
4759912 4759912 144
3357792 3357792 120
2041861 2041861 140
2360616 2360616 174
4958616 4958616 123
4805318 4805318 142
2685312 2685312 121
5010096 5010096 159
3912786 3912786 140
1643717 1643717 138
3605519 3605519 140
6007815 6007815 156
3543253 3543253 154
4788789 4788789 158
2493206 2493206 163
3470018 3470018 97
5116475 5116475 120
2205769 2205769 128
1708975 1708975 129
3158998 3158998 164
1622373 1622373 143
4379600 4379600 123
2765152 2765152 NA
1909787 1909787 145
2115371 2115371 126
5370411 5370411 143
3879339 3879339 165
3079723 3079723 129
3965786 3965786 122
3718053 3718053 151
1539074 1539074 143
5878755 5878755 155
2069396 2069396 129
5088591 5088591 176
5285566 5285566 176
2416759 2416759 107
2736562 2736562 141
1985072 1985072 148
4682260 4682260 126
1128107 1128107 137
5681505 5681505 124
4681765 4681765 113
3095123 3095123 122
1920199 1920199 150
1453530 1453530 138
3585424 3585424 168
2520642 2520642 122
5879926 5879926 161
1399256 1399256 137
3109830 3109830 177
4966271 4966271 142
2330844 2330844 115
3737407 3737407 162
3478807 3478807 123
3600048 3600048 135
5054521 5054521 136
5396634 5396634 144
3747252 3747252 142
2041090 2041090 143
2643959 2643959 136
4179395 4179395 NA
2792032 2792032 124
5142092 5142092 111
1951742 1951742 117
5836408 5836408 157
1245646 1245646 127
5214428 5214428 112
2551146 2551146 117
1994921 1994921 152
1285241 1285241 111
5496334 5496334 106
2536548 2536548 131
1569952 1569952 149
3385220 3385220 117
4307808 4307808 118
3763703 3763703 142
2017971 2017971 146
2622971 2622971 103
5077890 5077890 127
1792280 1792280 160
1671975 1671975 127
2882580 2882580 133
4164585 4164585 128
2949196 2949196 125
4786800 4786800 170
2125328 2125328 194
5097449 5097449 141
5386210 5386210 139
3991606 3991606 143
5065451 5065451 121
3513839 3513839 111
3944572 3944572 139
1903089 1903089 143
2826409 2826409 134
5515884 5515884 131
4970779 4970779 120
3902338 3902338 134
3806131 3806131 149
2036984 2036984 140
1013663 1013663 122
5696528 5696528 143
3344112 3344112 141
4416513 4416513 138
5963172 5963172 123
3507831 3507831 125
1170105 1170105 160
2658193 2658193 150
4664199 4664199 228
1893147 1893147 126
5133694 5133694 135
4155173 4155173 129
5020744 5020744 135
1778512 1778512 187
2525715 2525715 150
4606627 4606627 160
4558742 4558742 100
3733008 3733008 130
5454711 5454711 139
4059164 4059164 164
5313129 5313129 123
3380728 3380728 164
2207999 2207999 160
1369688 1369688 125
4813580 4813580 132
3967009 3967009 134
3086825 3086825 153
4937050 4937050 135
2950914 2950914 148
1728097 1728097 121
2598006 2598006 143
3659261 3659261 145
3482848 3482848 150
2495464 2495464 117
4577964 4577964 131
4876536 4876536 152
3681509 3681509 113
3449514 3449514 136
2079434 2079434 147
2161005 2161005 148
5489950 5489950 124
3242061 3242061 112
4342681 4342681 195
4115635 4115635 NA
1977109 1977109 134
2281889 2281889 137
4125919 4125919 131
5977774 5977774 134
3831498 3831498 148
5255938 5255938 156
4764086 4764086 146
4735414 4735414 126
1998166 1998166 141
3774042 3774042 164
1098395 1098395 115
1571878 1571878 126
5342589 5342589 141
1683176 1683176 150
5966845 5966845 153
2984654 2984654 116
4714410 4714410 144
4139571 4139571 137
4776143 4776143 135
2416062 2416062 102
4637679 4637679 141
3688248 3688248 126
2332548 2332548 142
5922750 5922750 141
5907050 5907050 145
1493685 1493685 154
5184038 5184038 162
5495768 5495768 144
4527022 4527022 150
4560786 4560786 127
3106758 3106758 122
4556379 4556379 146
1090301 1090301 132
1623894 1623894 184
2995523 2995523 127
1244611 1244611 137
3487378 3487378 124
2982842 2982842 143
5407650 5407650 147
1872741 1872741 104
3152486 3152486 157
1066355 1066355 167
2048227 2048227 176
1249436 1249436 117
4638304 4638304 167
2968765 2968765 156
1250829 1250829 163
5350996 5350996 114
2505984 2505984 147
3215118 3215118 145
3797739 3797739 108
1901825 1901825 157
4210782 4210782 138
4156139 4156139 130
4257243 4257243 125
2931741 2931741 146
2605749 2605749 128
2741953 2741953 172
1538268 1538268 183
1938622 1938622 132
3784318 3784318 172
1800411 1800411 148
2151243 2151243 152
5653733 5653733 154
4168080 4168080 107
3183504 3183504 160
5953535 5953535 NA
5125887 5125887 122
1372788 1372788 142
1134925 1134925 180
2749147 2749147 150
2942288 2942288 150
3663368 3663368 118
3911912 3911912 158
4788761 4788761 147
3736108 3736108 137
4782017 4782017 162
3449290 3449290 129
4219432 4219432 137
2162906 2162906 110
5661012 5661012 129
1474547 1474547 118
2251303 2251303 126
1644831 1644831 150
3128857 3128857 151
3596124 3596124 162
5555647 5555647 135
4327588 4327588 152
3036904 3036904 143
1723983 1723983 154
2354299 2354299 113
2721109 2721109 147
5776317 5776317 157
5082461 5082461 134
4044367 4044367 135
5013702 5013702 114
1862058 1862058 143
3456407 3456407 138
3567788 3567788 180
1607968 1607968 105
2058589 2058589 113
2367581 2367581 173
1523644 1523644 150
1085789 1085789 NA
3799250 3799250 169
1789534 1789534 139
3838507 3838507 125
4881793 4881793 152
2694950 2694950 119
1499156 1499156 155
1954190 1954190 137
3105171 3105171 167
3259101 3259101 NA
1082147 1082147 115
4963274 4963274 128
4638826 4638826 154
5218284 5218284 159
4473898 4473898 119
4348687 4348687 153
4822716 4822716 151
1945023 1945023 156
1931528 1931528 118
1196155 1196155 163
2302979 2302979 151
5583837 5583837 158
5027339 5027339 132
3833927 3833927 125
1386542 1386542 139
2402002 2402002 155
5267392 5267392 149
2987631 2987631 126
1737806 1737806 153
3990948 3990948 180
1774105 1774105 139
2005615 2005615 130
2825841 2825841 150
4738968 4738968 148
1772537 1772537 149
4392795 4392795 120
2565754 2565754 117
4386535 4386535 141
5727207 5727207 127
5456078 5456078 143
2626710 2626710 172
3484586 3484586 139
4291678 4291678 144
1907433 1907433 122
4987313 4987313 131
3599914 3599914 153
5687256 5687256 143
2175534 2175534 141
5613827 5613827 162
5416863 5416863 168
1046300 1046300 119
3324107 3324107 125
4313282 4313282 145
2574850 2574850 118
4597678 4597678 184
1599044 1599044 126
3189693 3189693 133
2486775 2486775 116
4886476 4886476 159
1949565 1949565 142
3898621 3898621 144
4738453 4738453 125
1808147 1808147 129
2876015 2876015 133
1498781 1498781 135
2526051 2526051 128
2851513 2851513 140
5244743 5244743 149
3879724 3879724 115
5387974 5387974 139
2992418 2992418 167
5068654 5068654 125
2257721 2257721 136
3115755 3115755 172
1898039 1898039 177
4221362 4221362 145
3520347 3520347 156
3369324 3369324 136
2319435 2319435 120
3839752 3839752 138
4903728 4903728 133
3779389 3779389 150
1580341 1580341 118
2394155 2394155 144
2911848 2911848 168
5832308 5832308 109
1899196 1899196 132
1081808 1081808 172
5483807 5483807 144
1441465 1441465 123
4941316 4941316 145
3378903 3378903 150
5251915 5251915 146
4641459 4641459 151
1772150 1772150 182
5687333 5687333 117
5596385 5596385 129
5288365 5288365 166
3228132 3228132 145
2514595 2514595 123
1247816 1247816 113
5738907 5738907 156
3555137 3555137 124
1024625 1024625 NA
3230810 3230810 177
1280594 1280594 NA
2734610 2734610 164
4800696 4800696 138
1003269 1003269 155
3435494 3435494 131
2446796 2446796 164
3837957 3837957 140
1014458 1014458 121
5788029 5788029 133
5120898 5120898 151
2306998 2306998 143
4490868 4490868 109
2651506 2651506 139
1662279 1662279 117
6024589 6024589 123
4106502 4106502 118
3903683 3903683 NA
2870801 2870801 121
3482836 3482836 141
2315496 2315496 206
5336678 5336678 150
3886542 3886542 138
2184023 2184023 174
3341286 3341286 150
4194491 4194491 135
1957000 1957000 131
1025153 1025153 149
5151234 5151234 155
4713081 4713081 164
5414075 5414075 146
5693115 5693115 134
2421095 2421095 168
5178746 5178746 160
4165304 4165304 113
2209884 2209884 142
5576052 5576052 130
4587949 4587949 155
2818904 2818904 171
1255106 1255106 150
1376692 1376692 154
5812785 5812785 144
3335094 3335094 144
5133400 5133400 127
2751473 2751473 158
3784362 3784362 125
4172174 4172174 128
5160675 5160675 141
3992013 3992013 128
2779542 2779542 127
5197664 5197664 125
1562418 1562418 119
5641223 5641223 171
1950767 1950767 132
3240452 3240452 124
4010918 4010918 168
3668397 3668397 135
4121140 4121140 158
3576206 3576206 163
1610108 1610108 107
3086959 3086959 158
3035246 3035246 167
5956179 5956179 154
2196818 2196818 140
2835029 2835029 148
2552415 2552415 132
1634832 1634832 NA
2339845 2339845 151
5465443 5465443 131
3627575 3627575 127
2108887 2108887 107
2836475 2836475 161
3562959 3562959 149
2774225 2774225 170
5411509 5411509 116
5549133 5549133 203
2625339 2625339 144
3049388 3049388 168
2208800 2208800 137
2230601 2230601 130
2805996 2805996 NA
5653814 5653814 160
2059394 2059394 139
3144007 3144007 NA
1500590 1500590 116
2655499 2655499 131
2429567 2429567 139
4848457 4848457 181
2178456 2178456 110
1964816 1964816 124
3271872 3271872 145
4176020 4176020 130
2299026 2299026 157
4653179 4653179 135
1613767 1613767 166
2192771 2192771 134
1091956 1091956 138
1467803 1467803 158
1616134 1616134 161
3601198 3601198 146
2943198 2943198 149
1265254 1265254 137
5575236 5575236 164
1676495 1676495 143
2795927 2795927 124
3789555 3789555 159
1194747 1194747 135
1223224 1223224 127
3148139 3148139 137
4882266 4882266 177
2239226 2239226 161
5151506 5151506 141
3276857 3276857 147
1961523 1961523 125
4660290 4660290 138
2178806 2178806 161
4783764 4783764 128
5738866 5738866 185
4353403 4353403 151
1968231 1968231 189
1780472 1780472 107
2572643 2572643 118
4864988 4864988 161
5588596 5588596 134
5588735 5588735 142
3364060 3364060 153
3826733 3826733 182
1347981 1347981 117
4613267 4613267 155
5252903 5252903 148
1764581 1764581 156
2483892 2483892 200
2710272 2710272 131
3814797 3814797 138
2706511 2706511 150
4437673 4437673 153
4416567 4416567 151
5842605 5842605 115
4879013 4879013 136
2882148 2882148 112
4829947 4829947 156
1510425 1510425 161
5235962 5235962 113
1864042 1864042 146
3969905 3969905 133
1177904 1177904 119
5356743 5356743 130
3819476 3819476 NA
3315412 3315412 143
3381196 3381196 145
1325796 1325796 150
1664296 1664296 114
1065037 1065037 137
3650502 3650502 157
1187272 1187272 NA
4181905 4181905 138
1788540 1788540 115
4026165 4026165 146
4429282 4429282 129
2182410 2182410 148
3911450 3911450 105
5995059 5995059 145
1915181 1915181 139
3800684 3800684 131
2117843 2117843 115
2047366 2047366 113
2138885 2138885 128
1612727 1612727 NA
5923464 5923464 132
3960700 3960700 152
4418534 4418534 131
1687411 1687411 131
1805377 1805377 139
1788776 1788776 179
4271278 4271278 139
3085719 3085719 180
4228391 4228391 140
1261043 1261043 154
5284858 5284858 158
1973193 1973193 151
3390520 3390520 149
5042097 5042097 140
1133171 1133171 123
2413701 2413701 177
2653585 2653585 128
5115627 5115627 146
3837755 3837755 135
3077739 3077739 170
2449299 2449299 130
2256852 2256852 146
4827416 4827416 159
5946950 5946950 156
3141976 3141976 NA
2557903 2557903 176
3959470 3959470 156
5961673 5961673 121
6022310 6022310 149
1507400 1507400 142
5430781 5430781 143
5966060 5966060 114
3343483 3343483 126
5799406 5799406 166
5256673 5256673 124
4673310 4673310 104
3037015 3037015 138
4398558 4398558 148
1992667 1992667 129
5171285 5171285 134
5566475 5566475 142
2019663 2019663 139
3999922 3999922 121
5035313 5035313 119
1301954 1301954 149
2539420 2539420 121
5858591 5858591 123
5528314 5528314 112
3148242 3148242 128
2991740 2991740 137
2673955 2673955 112
5618465 5618465 NA
3984655 3984655 144
1900408 1900408 122
2997363 2997363 135
4119175 4119175 142
1879728 1879728 144
5743712 5743712 131
5521629 5521629 119
2188419 2188419 140
1471578 1471578 186
1292110 1292110 146
1053610 1053610 168
4360948 4360948 132
2638276 2638276 127
3717052 3717052 127
5985455 5985455 143
2495447 2495447 147
4634996 4634996 171
4154179 4154179 151
4029647 4029647 114
3086421 3086421 135
2059904 2059904 130
4875472 4875472 161
4440848 4440848 156
2850788 2850788 169
4158283 4158283 103
2088846 2088846 127
5367700 5367700 166
3392544 3392544 141
5254997 5254997 172
2252450 2252450 141
4953611 4953611 140
4314661 4314661 127
2121915 2121915 164
4866058 4866058 140
3643010 3643010 112
3903551 3903551 129
4661957 4661957 133
1332578 1332578 145
4805707 4805707 112
2433319 2433319 131
4859922 4859922 130
4219110 4219110 117
3518539 3518539 121
4610112 4610112 133
4122741 4122741 171
5260141 5260141 152
2130874 2130874 134
3525301 3525301 128
3434121 3434121 107
3233861 3233861 NA
4546537 4546537 166
2797062 2797062 126
2090974 2090974 195
5135880 5135880 131
4712342 4712342 115
1109956 1109956 143
4588567 4588567 155
5470887 5470887 152
3382163 3382163 141
3945827 3945827 162
5243520 5243520 140
2808529 2808529 169
5016089 5016089 131
4172399 4172399 145
1617844 1617844 118
1067200 1067200 132
1633650 1633650 123
5903410 5903410 163
3402555 3402555 152
5394998 5394998 163
4333477 4333477 158
5678474 5678474 182
5278406 5278406 107
6013737 6013737 172
3937777 3937777 153
4858488 4858488 152
4661968 4661968 112
2992299 2992299 130
4824208 4824208 149
4743308 4743308 122
4423896 4423896 181
5600426 5600426 141
2047290 2047290 144
5833098 5833098 NA
2584160 2584160 165
4009876 4009876 140
1059931 1059931 141
1541969 1541969 121
4064987 4064987 120
4517152 4517152 154
5396628 5396628 142
3996164 3996164 157
1307924 1307924 135
1293543 1293543 141
2721641 2721641 110
5040684 5040684 160
5336883 5336883 114
1013017 1013017 143
3995139 3995139 133
4460056 4460056 127
3901613 3901613 NA
2799233 2799233 139
5436545 5436545 126
5749808 5749808 150
1924486 1924486 137
1946223 1946223 151
1970967 1970967 144
3523058 3523058 NA
1604417 1604417 141
1301111 1301111 150
2303041 2303041 122
1193703 1193703 124
4265306 4265306 119
1765158 1765158 156
3708419 3708419 102
2440703 2440703 133
4307336 4307336 120
1049260 1049260 145
5702767 5702767 133
4793659 4793659 139
5880737 5880737 160
4120648 4120648 119
4664859 4664859 113
5556770 5556770 132
4017371 4017371 143
2133398 2133398 127
3938734 3938734 176
3981480 3981480 133
4103480 4103480 145
3272307 3272307 151
4688881 4688881 NA
5113661 5113661 114
2762214 2762214 103
1334536 1334536 161
2117712 2117712 137
5169940 5169940 129
3880962 3880962 118
1037640 1037640 132
1824990 1824990 133
3772263 3772263 128
1892552 1892552 184
3640131 3640131 161
2113413 2113413 124
3245272 3245272 129
3047141 3047141 170
5397662 5397662 168
1955311 1955311 119
2631955 2631955 141
1911783 1911783 123
3502329 3502329 119
5646746 5646746 190
1866164 1866164 150
4519006 4519006 151
5668722 5668722 144
3055284 3055284 142
3146835 3146835 140
4396012 4396012 156
5709073 5709073 154
3037410 3037410 153
2494508 2494508 148
5179859 5179859 126
3529453 3529453 150
4852157 4852157 148
2571565 2571565 109
4254858 4254858 113
3982745 3982745 155
2828597 2828597 150
5798727 5798727 114
3778450 3778450 125
1656623 1656623 131
2454961 2454961 155
3162242 3162242 134
1983963 1983963 139
5927874 5927874 191
4964712 4964712 169
5489625 5489625 152
1367599 1367599 133
5271084 5271084 139
2475984 2475984 133
2720296 2720296 122
3496252 3496252 141
5450008 5450008 135
4335409 4335409 156
4567298 4567298 135
1765917 1765917 166
5998731 5998731 144
3982801 3982801 145
2853688 2853688 126
5057413 5057413 138
2420896 2420896 118
5265311 5265311 146
2354089 2354089 99
4472347 4472347 131
3464356 3464356 169
3091593 3091593 177
1226556 1226556 127
2822241 2822241 164
1535804 1535804 127
1930374 1930374 94
1066934 1066934 155
2582788 2582788 155
2327632 2327632 140
1927086 1927086 137
1177420 1177420 121
3756387 3756387 142
4248379 4248379 141
2884221 2884221 125
2660596 2660596 164
5339163 5339163 108
2044792 2044792 127
4999659 4999659 125
4830451 4830451 165
2149326 2149326 NA
5965365 5965365 126
5682008 5682008 116
2859425 2859425 118
5099691 5099691 127
1095769 1095769 146
3609151 3609151 166
1580875 1580875 135
5449729 5449729 109
4347472 4347472 138
1406589 1406589 163
3115365 3115365 133
5475510 5475510 132
2807840 2807840 132
3587473 3587473 122
2877058 2877058 170
1609304 1609304 139
5533259 5533259 169
1561659 1561659 NA
3218350 3218350 124
1916285 1916285 137
1701171 1701171 182
5351025 5351025 146
2114891 2114891 166
2018070 2018070 132
4467010 4467010 194
2092170 2092170 NA
2297502 2297502 141
3529634 3529634 133
5645350 5645350 130
4763645 4763645 155
3446627 3446627 120
3609108 3609108 128
2943329 2943329 134
4232647 4232647 124
4898310 4898310 138
1501334 1501334 123
4422584 4422584 136
1833817 1833817 144
1057210 1057210 139
2256675 2256675 155
3184322 3184322 148
5960307 5960307 130
4207065 4207065 121
3334109 3334109 123
2324023 2324023 136
1058119 1058119 148
4515601 4515601 135
5817232 5817232 122
2954324 2954324 NA
2910384 2910384 117
1625305 1625305 167
2252856 2252856 145
5545467 5545467 122
4372812 4372812 126
1432719 1432719 119
2429922 2429922 168
1399951 1399951 189
4277654 4277654 150
3695880 3695880 143
1021183 1021183 146
1370036 1370036 120
5812460 5812460 126
2281185 2281185 153
1283632 1283632 132
4747034 4747034 133
5653223 5653223 126
3572705 3572705 153
1225425 1225425 101
3558429 3558429 106
4185895 4185895 131
2926995 2926995 124
5879181 5879181 134
1453235 1453235 151
4324348 4324348 168
5945596 5945596 136
5251703 5251703 137
2309827 2309827 217
3093740 3093740 121
1306234 1306234 178
2327165 2327165 114
1612991 1612991 117
2570153 2570153 151
1899611 1899611 120
2851088 2851088 137
1278146 1278146 174
2191566 2191566 134
1606629 1606629 150
5231086 5231086 109
1225018 1225018 141
3495527 3495527 120
3299920 3299920 132
1732281 1732281 142
5904964 5904964 177
3122326 3122326 156
4507049 4507049 117
3411061 3411061 120
4900970 4900970 138
4255933 4255933 160
4058545 4058545 135
6016824 6016824 165
1427704 1427704 121
1071896 1071896 120
1353346 1353346 142
2410878 2410878 151
3619531 3619531 133
4557812 4557812 137
3336785 3336785 145
2934404 2934404 160
4575731 4575731 140
3559378 3559378 172
5487598 5487598 150
1012223 1012223 124
4537194 4537194 127
3269286 3269286 129
5474909 5474909 126
1737958 1737958 146
2314058 2314058 133
1572265 1572265 125
1959943 1959943 162
2213288 2213288 140
2044830 2044830 155
5832809 5832809 130
4145861 4145861 141
3992742 3992742 132
2300021 2300021 172
5353921 5353921 144
3284903 3284903 120
1754561 1754561 128
2373775 2373775 111
1607453 1607453 184
3477969 3477969 117
4314449 4314449 150
2613370 2613370 142
5744834 5744834 107
3892029 3892029 139
5087565 5087565 126
1131194 1131194 124
4697630 4697630 132
2577902 2577902 118
4616633 4616633 116
5739855 5739855 155
2456593 2456593 135
1589416 1589416 126
4672108 4672108 148
1232053 1232053 107
1308343 1308343 134
5574667 5574667 168
1551560 1551560 126
5632208 5632208 149
2004917 2004917 114
2990021 2990021 145
4111907 4111907 145
2382614 2382614 140
5396038 5396038 131
4630180 4630180 121
1707254 1707254 NA
4654325 4654325 NA
2592519 2592519 170
2823001 2823001 120
2159135 2159135 147
1238718 1238718 113
1911854 1911854 114
5597387 5597387 113
4406917 4406917 118
4359132 4359132 133
5691384 5691384 110
2736083 2736083 193
3245752 3245752 125
4618704 4618704 118
4523920 4523920 172
1827756 1827756 129
5658351 5658351 112
5362536 5362536 154
1635655 1635655 129
2438902 2438902 120
2350326 2350326 164
4121962 4121962 150
1876065 1876065 142
5056431 5056431 153
3220801 3220801 136
2610929 2610929 133
3594279 3594279 148
3562246 3562246 145
2818970 2818970 115
1580617 1580617 172
3124503 3124503 129
1232387 1232387 149
2787039 2787039 173
2926377 2926377 148
4695009 4695009 147
4549277 4549277 146
5906377 5906377 131
3114654 3114654 129
5859722 5859722 113
2067056 2067056 160
2407760 2407760 NA
3375560 3375560 164
2987679 2987679 127
1781279 1781279 122
2453078 2453078 134
1556060 1556060 132
4498646 4498646 169
1271359 1271359 186
5317719 5317719 170
1597198 1597198 155
4626405 4626405 156
2531261 2531261 121
3280735 3280735 147
3995121 3995121 131
4659392 4659392 131
2148584 2148584 137
5984375 5984375 112
4249434 4249434 142
2434091 2434091 136
1571652 1571652 127
3209243 3209243 138
3735592 3735592 149
3426457 3426457 122
2062230 2062230 143
1498353 1498353 138
1771389 1771389 136
4576208 4576208 164
2149049 2149049 173
1203597 1203597 151
1159096 1159096 148
2852675 2852675 131
1070653 1070653 145
2502933 2502933 113
3154676 3154676 146
2186191 2186191 NA
3711087 3711087 145
3157303 3157303 129
4174859 4174859 117
5892835 5892835 137
4343821 4343821 131
4808184 4808184 133
4550463 4550463 152
3509859 3509859 156
4980397 4980397 127
3996186 3996186 157
2491827 2491827 158
3108756 3108756 154
2323211 2323211 130
6022442 6022442 118
4502951 4502951 NA
3248811 3248811 147
5507415 5507415 169
2318164 2318164 149
3150896 3150896 125
4183299 4183299 142
1803212 1803212 192
2053104 2053104 158
5511874 5511874 125
1883622 1883622 133
4648671 4648671 133
3915910 3915910 135
3966743 3966743 166
4588773 4588773 182
4305258 4305258 151
2140101 2140101 133
2552198 2552198 135
2382273 2382273 127
4629107 4629107 126
4046096 4046096 174
2571872 2571872 122
4618762 4618762 143
3342312 3342312 128
4329658 4329658 146
2833186 2833186 196
3280143 3280143 136
4389520 4389520 156
3455432 3455432 142
2611244 2611244 170
3189689 3189689 143
1663201 1663201 129
5580548 5580548 189
1696232 1696232 158
4634157 4634157 141
4774717 4774717 129
4606608 4606608 129
5054157 5054157 168
2059234 2059234 150
3988440 3988440 190
2155844 2155844 152
3576156 3576156 156
2574839 2574839 126
5330981 5330981 111
4913824 4913824 148
3683868 3683868 126
3099587 3099587 134
1091455 1091455 136
3220370 3220370 122
1637576 1637576 126
2821248 2821248 158
3781077 3781077 121
2237998 2237998 136
5519680 5519680 125
3481023 3481023 133
4708784 4708784 116
4006862 4006862 133
1173690 1173690 131
5366633 5366633 119
5698650 5698650 159
5804014 5804014 175
3312844 3312844 135
3986586 3986586 162
2419603 2419603 NA
3326039 3326039 113
1756410 1756410 140
3900213 3900213 106
1732539 1732539 150
4121937 4121937 123
2024289 2024289 124
3787239 3787239 134
4834426 4834426 128
2613642 2613642 140
3173269 3173269 129
2782719 2782719 121
3258359 3258359 135
4452608 4452608 188
1905481 1905481 168
2982912 2982912 124
5970164 5970164 163
4400908 4400908 126
3571624 3571624 137
3947846 3947846 151
5108925 5108925 131
2208340 2208340 121
1061108 1061108 117
5976870 5976870 147
4727387 4727387 143
2048472 2048472 134
3699945 3699945 130
4189225 4189225 125
4722373 4722373 131
3803273 3803273 133
4554562 4554562 159
5218354 5218354 182
5907884 5907884 151
3867148 3867148 123
5981072 5981072 132
4669278 4669278 135
2924443 2924443 133
3840497 3840497 174
1377744 1377744 124
5718887 5718887 121
3835750 3835750 154
4873406 4873406 161
2455096 2455096 120
1361542 1361542 105
1203346 1203346 128
5144403 5144403 133
5155397 5155397 138
4848675 4848675 163
5990287 5990287 121
2550720 2550720 124
4171940 4171940 135
4424162 4424162 110
1212566 1212566 145
3418670 3418670 119
4214504 4214504 145
4333660 4333660 118
2554477 2554477 145
4718047 4718047 144
2562872 2562872 157
2954237 2954237 142
4922711 4922711 136
4263389 4263389 156
3749644 3749644 NA
4607408 4607408 154
1744448 1744448 137
1123001 1123001 162
1979796 1979796 140
2818610 2818610 147
2926350 2926350 106
3786669 3786669 142
4200354 4200354 147
2369572 2369572 157
5879865 5879865 103
5556692 5556692 153
1424596 1424596 123
4013430 4013430 113
2464336 2464336 150
3934937 3934937 158
4819983 4819983 186
1629730 1629730 151
2523846 2523846 138
3380832 3380832 166
3329430 3329430 122
5100600 5100600 145
5662992 5662992 161
2297914 2297914 213
2894627 2894627 121
2222606 2222606 108
4937183 4937183 124
4194545 4194545 166
5400637 5400637 149
3914499 3914499 154
1013724 1013724 151
3300997 3300997 NA
2076385 2076385 174
3336175 3336175 158
1746146 1746146 127
5111891 5111891 154
1869109 1869109 131
4839881 4839881 121
4029829 4029829 138
3806234 3806234 119
5609999 5609999 140
4526865 4526865 NA
3934789 3934789 237
4267444 4267444 178
6013352 6013352 117
2281406 2281406 126
2002576 2002576 141
5791520 5791520 154
4045989 4045989 183
2438681 2438681 114
5929275 5929275 174
2941846 2941846 117
4829964 4829964 184
2432431 2432431 116
4564153 4564153 125
2334475 2334475 129
3401254 3401254 131
2712524 2712524 NA
4243122 4243122 NA
4207428 4207428 119
5915642 5915642 138
3146149 3146149 160
2708241 2708241 140
3622906 3622906 129
3718257 3718257 120
4108291 4108291 138
5187335 5187335 130
1591009 1591009 130
5894613 5894613 196
1385759 1385759 155
2085609 2085609 152
3018928 3018928 126
2556151 2556151 139
1839996 1839996 124
5548243 5548243 129
5695356 5695356 128
4541163 4541163 142
5725338 5725338 146
5140462 5140462 110
1694508 1694508 127
2999012 2999012 157
2237357 2237357 NA
1781176 1781176 139
3348783 3348783 137
4611118 4611118 164
3892926 3892926 142
2290404 2290404 134
4375154 4375154 113
1515918 1515918 151
5592550 5592550 158
3067412 3067412 142
5089876 5089876 151
2423401 2423401 128
5388824 5388824 145
4074959 4074959 115
2298499 2298499 191
5155542 5155542 116
3792959 3792959 157
2191063 2191063 178
3028959 3028959 134
1187283 1187283 123
6012845 6012845 112
1027049 1027049 150
5644405 5644405 123
2892729 2892729 117
1362977 1362977 122
3282602 3282602 125
1672594 1672594 119
4968659 4968659 156
5785326 5785326 137
1473517 1473517 140
2760543 2760543 161
2366592 2366592 158
2667527 2667527 NA
4722855 4722855 114
5466116 5466116 139
3597652 3597652 113
2300111 2300111 144
4334125 4334125 146
4162891 4162891 142
5274760 5274760 135
4136974 4136974 161
2262902 2262902 NA
2817639 2817639 133
4019384 4019384 134
4488965 4488965 156
2249152 2249152 154
2066715 2066715 112
2794835 2794835 NA
2522257 2522257 143
2605092 2605092 138
3558887 3558887 111
2659914 2659914 127
2823420 2823420 131
2533515 2533515 134
1180089 1180089 141
1652301 1652301 135
4503249 4503249 160
4173427 4173427 154
5460204 5460204 106
1150005 1150005 122
5812016 5812016 162
3220473 3220473 124
1934293 1934293 116
2144761 2144761 149
1285945 1285945 119
2976691 2976691 115
2593318 2593318 122
4978269 4978269 181
5350635 5350635 154
5103748 5103748 141
3339783 3339783 116
4824381 4824381 153
1122963 1122963 132
3885694 3885694 140
1316617 1316617 143
3711617 3711617 NA
4595428 4595428 139
2033313 2033313 179
1505083 1505083 125
1054160 1054160 112
3099227 3099227 131
2244988 2244988 154
4965815 4965815 151
2198956 2198956 127
3890396 3890396 172
3630507 3630507 126
5947107 5947107 114
5229122 5229122 107
1669680 1669680 109
3945765 3945765 144
3861499 3861499 NA
2782353 2782353 166
5475144 5475144 190
4886751 4886751 130
5794249 5794249 158
2193388 2193388 140
2020271 2020271 163
5033860 5033860 187
3049916 3049916 127
5655516 5655516 113
1902705 1902705 110
5554021 5554021 127
4724923 4724923 135
4580263 4580263 NA
5071586 5071586 108
1712251 1712251 172
5166144 5166144 120
3377735 3377735 140
5588106 5588106 127
4710339 4710339 160
2067598 2067598 155
2393116 2393116 136
3939757 3939757 159
5585691 5585691 153
2985663 2985663 166
5014874 5014874 181
2797511 2797511 122
5923897 5923897 118
1116998 1116998 151
3208728 3208728 128
5273253 5273253 135
4603920 4603920 179
2555366 2555366 129
3037740 3037740 162
3036883 3036883 144
4982644 4982644 142
1275805 1275805 117
4436914 4436914 138
5568155 5568155 126
4654954 4654954 141
1836967 1836967 157
3568069 3568069 231
3753081 3753081 156
4336814 4336814 142
3611464 3611464 177
1605432 1605432 122
3074565 3074565 164
3072683 3072683 151
4960971 4960971 136
1415469 1415469 NA
3927972 3927972 133
3151227 3151227 127
1138794 1138794 130
2507059 2507059 123
5811195 5811195 115
5383335 5383335 135
4478074 4478074 170
4858660 4858660 157
5720557 5720557 151
2055847 2055847 170
4402178 4402178 170
3440607 3440607 143
5789902 5789902 114
2816406 2816406 117
3272886 3272886 139
2516228 2516228 110
2625388 2625388 146
5548008 5548008 146
1283402 1283402 125
2960902 2960902 148
1530807 1530807 134
3230628 3230628 140
1375590 1375590 156
3866000 3866000 NA
4577287 4577287 121
1517109 1517109 153
5441383 5441383 127
3097868 3097868 118
5607117 5607117 127
3461719 3461719 158
4572631 4572631 138
3847146 3847146 122
6004691 6004691 160
5526276 5526276 120
2127078 2127078 130
5661383 5661383 125
1329184 1329184 144
3022855 3022855 152
2066575 2066575 138
1988406 1988406 142
5931339 5931339 137
3916030 3916030 114
3734316 3734316 103
5220325 5220325 130
2276122 2276122 115
2744705 2744705 159
1324410 1324410 188
4893184 4893184 150
2933005 2933005 120
2729583 2729583 136
2327915 2327915 134
2391069 2391069 102
4561012 4561012 118
5925740 5925740 121
3877683 3877683 151
5988178 5988178 132
1309720 1309720 195
4343583 4343583 164
2233836 2233836 107
2996726 2996726 137
3155293 3155293 158
1173533 1173533 101
1431976 1431976 129
1211814 1211814 157
4439325 4439325 121
2858822 2858822 127
5393837 5393837 133
2875910 2875910 134
2842918 2842918 154
1416677 1416677 130
1373793 1373793 131
4653184 4653184 148
3459992 3459992 122
1349125 1349125 137
5010666 5010666 160
4284214 4284214 129
3937348 3937348 131
1752163 1752163 184
4218315 4218315 174
3051619 3051619 148
2848368 2848368 140
1545732 1545732 159
3369542 3369542 153
2115908 2115908 157
2430262 2430262 143
3907427 3907427 167
4554150 4554150 153
1407242 1407242 149
3574851 3574851 128
3926263 3926263 165
4439428 4439428 111
5728175 5728175 145
4428644 4428644 105
1215676 1215676 NA
1680361 1680361 146
4015134 4015134 118
2429374 2429374 134
4422992 4422992 135
3285073 3285073 168
3563445 3563445 125
3386239 3386239 130
1165025 1165025 128
3068729 3068729 184
4972635 4972635 134
1639268 1639268 160
5874568 5874568 123
3625756 3625756 145
1741267 1741267 158
5115630 5115630 171
1356636 1356636 130
2027057 2027057 114
5311097 5311097 NA
2847682 2847682 203
3761717 3761717 103
4541999 4541999 154
4777866 4777866 143
4069931 4069931 201
5704985 5704985 184
5357787 5357787 NA
4681432 4681432 142
1378231 1378231 147
4914954 4914954 118
4097446 4097446 155
1173559 1173559 141
4225015 4225015 136
1886249 1886249 157
4571707 4571707 127
3268090 3268090 146
1306550 1306550 167
3077499 3077499 139
2364584 2364584 143
2926166 2926166 163
1005345 1005345 115
4829203 4829203 154
5628296 5628296 156
5701747 5701747 139
3263907 3263907 121
2031480 2031480 175
4393341 4393341 157
5972335 5972335 121
4235417 4235417 169
2468503 2468503 135
5227737 5227737 147
4449129 4449129 136
1807963 1807963 151
1143668 1143668 124
1961728 1961728 116
5910641 5910641 136
2990629 2990629 138
2163410 2163410 122
2502450 2502450 135
1464694 1464694 143
2096106 2096106 122
1613235 1613235 119
1471016 1471016 131
5416121 5416121 131
5082536 5082536 116
3661188 3661188 115
3882030 3882030 182
2177861 2177861 135
5026452 5026452 125
3603996 3603996 115
5948170 5948170 118
3089866 3089866 136
3305479 3305479 140
2401539 2401539 149
3414031 3414031 120
5246125 5246125 175
5277041 5277041 112
4063824 4063824 129
1060394 1060394 129
5859225 5859225 141
5513846 5513846 119
5579103 5579103 149
1463293 1463293 134
1467846 1467846 159
3120941 3120941 156
2286367 2286367 140
2196671 2196671 139
2993425 2993425 142
3272208 3272208 136
3212852 3212852 149
1599789 1599789 135
2506139 2506139 158
1633158 1633158 NA
5451864 5451864 121
3323680 3323680 122
4430519 4430519 124
5892213 5892213 125
3581114 3581114 170
5332036 5332036 NA
5512747 5512747 138
2403791 2403791 167
3367175 3367175 120
5908890 5908890 127
3613097 3613097 137
1064796 1064796 118
1815488 1815488 149
1659549 1659549 158
4985861 4985861 163
2168242 2168242 165
4503307 4503307 188
4747019 4747019 152
5521407 5521407 143
1722449 1722449 145
3121093 3121093 131
5842082 5842082 154
1673637 1673637 160
1372475 1372475 146
4077111 4077111 142
4170252 4170252 141
4802923 4802923 120
3291182 3291182 141
2022878 2022878 133
1676256 1676256 140
1183905 1183905 139
1462294 1462294 149
2989870 2989870 143
3157682 3157682 157
1310313 1310313 180
2699456 2699456 134
4905548 4905548 155
4521440 4521440 141
4039467 4039467 143
3463521 3463521 124
1509662 1509662 131
3586913 3586913 154
3871595 3871595 118
4924601 4924601 154
3291350 3291350 121
5912887 5912887 159
5990732 5990732 110
2810903 2810903 123
1968673 1968673 157
4211948 4211948 118
3077071 3077071 135
3653453 3653453 179
4483662 4483662 182
4447949 4447949 146
1560575 1560575 146
2827278 2827278 111
5214014 5214014 129
5972932 5972932 150
3122590 3122590 140
2106131 2106131 200
4915563 4915563 136
4141978 4141978 136
2359978 2359978 144
5981359 5981359 122
5267520 5267520 130
1272271 1272271 145
1836346 1836346 121
1209721 1209721 NA
5629756 5629756 153
4301555 4301555 164
4480925 4480925 120
2371479 2371479 154
5696100 5696100 117
1467350 1467350 108
2271149 2271149 153
3938719 3938719 140
4641550 4641550 150
4648161 4648161 155
3838326 3838326 138
3998986 3998986 143
4202719 4202719 126
3075652 3075652 156
3606294 3606294 152
2550096 2550096 125
3752670 3752670 NA
4869062 4869062 142
3372519 3372519 118
4102290 4102290 191
4338413 4338413 144
5867003 5867003 148
3666461 3666461 154
4131159 4131159 150
5053021 5053021 129
3685822 3685822 121
2282387 2282387 161
3185348 3185348 163
2271182 2271182 147
4369160 4369160 129
2524296 2524296 133
2828128 2828128 125
4151747 4151747 138
1983623 1983623 138
1437393 1437393 144
4937831 4937831 141
3125387 3125387 194
5197435 5197435 154
1982447 1982447 135
1613019 1613019 140
2057579 2057579 124
4346492 4346492 131
2998366 2998366 153
4229056 4229056 138
2085269 2085269 138
1764534 1764534 130
4616528 4616528 176
4990266 4990266 145
4542573 4542573 121
2880652 2880652 154
2508832 2508832 141
4518573 4518573 106
3916837 3916837 138
5801776 5801776 144
1639888 1639888 105
3596987 3596987 127
1960807 1960807 138
1842025 1842025 120
5309600 5309600 130
4894317 4894317 147
5114554 5114554 121
1158000 1158000 138
3883914 3883914 138
5415115 5415115 107
1095791 1095791 108
5080473 5080473 131
4915189 4915189 106
2639623 2639623 168
2523736 2523736 122
4771145 4771145 119
5346871 5346871 133
2154479 2154479 112
4854783 4854783 105
4988151 4988151 105
2207651 2207651 NA
4142819 4142819 150
4903579 4903579 163
3158582 3158582 179
5510617 5510617 104
4459200 4459200 154
5815154 5815154 118
1980795 1980795 222
2960598 2960598 149
1680637 1680637 209
3370116 3370116 178
2465532 2465532 141
3823034 3823034 145
4673438 4673438 113
5904421 5904421 134
4287415 4287415 143
4091039 4091039 126
3096512 3096512 160
1586161 1586161 132
3115130 3115130 160
3142689 3142689 159
1745310 1745310 137
3290622 3290622 NA
2233412 2233412 157
3294900 3294900 118
5220428 5220428 117
2739313 2739313 143
4919213 4919213 137
1640083 1640083 130
5104542 5104542 115
1277557 1277557 119
4307765 4307765 106
1798184 1798184 125
1484482 1484482 120
5910991 5910991 175
4256774 4256774 NA
2237893 2237893 189
5465129 5465129 135
4781757 4781757 166
4283947 4283947 131
1902548 1902548 157
2203928 2203928 140
1224510 1224510 163
4670969 4670969 133
3345624 3345624 153
4311749 4311749 148
4696255 4696255 130
3490005 3490005 129
4059557 4059557 139
5885321 5885321 142
3249990 3249990 105
2424887 2424887 147
4507960 4507960 118
4362351 4362351 165
1590485 1590485 NA
2839767 2839767 122
2706489 2706489 146
2097827 2097827 159
3852201 3852201 194
5102456 5102456 127
3501602 3501602 185
5457152 5457152 133
4109895 4109895 NA
4728129 4728129 157
5194054 5194054 133
3828135 3828135 135
3654684 3654684 154
3097532 3097532 141
2391977 2391977 127
3504920 3504920 161
1225888 1225888 121
5116574 5116574 116
3710601 3710601 118
1023546 1023546 135
2554566 2554566 146
1097747 1097747 151
2298397 2298397 136
4864523 4864523 126
3136221 3136221 151
2268761 2268761 159
5536553 5536553 134
2608199 2608199 141
3277038 3277038 117
1988137 1988137 140
4592037 4592037 102
2563253 2563253 136
2865151 2865151 134
1150907 1150907 115
1157702 1157702 140
5450507 5450507 162
5795536 5795536 154
5392875 5392875 126
5294918 5294918 140
5325468 5325468 142
1436213 1436213 135
5230630 5230630 151
3681597 3681597 124
5413286 5413286 164
1333746 1333746 150
2388507 2388507 133
5026751 5026751 125
3867197 3867197 174
5701176 5701176 168
2384843 2384843 144
4711060 4711060 182
2104832 2104832 148
1266157 1266157 132
5429185 5429185 146
1163407 1163407 149
1268061 1268061 146
5002366 5002366 120
5248591 5248591 NA
5210217 5210217 123
4761959 4761959 140
3696893 3696893 108
5022833 5022833 135
2439877 2439877 116
4635547 4635547 112
1452039 1452039 160
1280874 1280874 162
2977066 2977066 201
5377372 5377372 121
4522604 4522604 151
1560298 1560298 143
5635695 5635695 164
1886273 1886273 136
3839164 3839164 104
4719848 4719848 154
4563605 4563605 157
3809257 3809257 NA
5190059 5190059 130
4617897 4617897 138
1004478 1004478 170
3770936 3770936 161
3294569 3294569 145
3534871 3534871 138
1377028 1377028 130
1858951 1858951 127
4027237 4027237 141
3138688 3138688 145
1945770 1945770 107
4402919 4402919 131
3016615 3016615 142
5805125 5805125 149
3883451 3883451 136
3069596 3069596 148
1968489 1968489 159
5009183 5009183 139
5135430 5135430 NA
5450581 5450581 111
2610941 2610941 166
4070474 4070474 120
2808150 2808150 129
2276556 2276556 148
2294049 2294049 143
4261627 4261627 144
1849360 1849360 140
2645546 2645546 127
2114690 2114690 152
2209978 2209978 152
4313688 4313688 146
3015180 3015180 113
3495660 3495660 189
2171164 2171164 109
1594030 1594030 140
2878230 2878230 117
1941778 1941778 150
5621994 5621994 111
3064952 3064952 136
1986385 1986385 115
4401147 4401147 131
3660194 3660194 144
5574139 5574139 133
6016700 6016700 156
3210071 3210071 146
3200040 3200040 105
2721050 2721050 117
4509682 4509682 152
3774772 3774772 125
3091907 3091907 162
3226161 3226161 143
3248157 3248157 144
6010135 6010135 145
1511033 1511033 137
2599551 2599551 128
3579200 3579200 130
5179762 5179762 176
3377009 3377009 139
5217660 5217660 132
1513909 1513909 132
4611162 4611162 139
1359525 1359525 133
1080322 1080322 131
3703656 3703656 121
1326944 1326944 188
1971229 1971229 118
1679740 1679740 182
5999415 5999415 138
5869290 5869290 120
5869717 5869717 123
5621644 5621644 134
5099860 5099860 103
1278499 1278499 138
5701850 5701850 127
1682038 1682038 132
3906223 3906223 126
5577273 5577273 141
2871104 2871104 115
2361300 2361300 127
1597516 1597516 126
5894386 5894386 145
5023423 5023423 123
2821010 2821010 140
5565926 5565926 124
1755476 1755476 166
3650734 3650734 129
4533305 4533305 112
4822332 4822332 137
2900632 2900632 129
2618618 2618618 133
3186903 3186903 165
2766679 2766679 140
2714866 2714866 135
5364538 5364538 169
5651174 5651174 116
4876705 4876705 125
5432720 5432720 157
2833010 2833010 137
3620555 3620555 148
2551695 2551695 132
3436162 3436162 140
1141770 1141770 133
4548844 4548844 163
4874125 4874125 124
4012410 4012410 136
2117682 2117682 172
4448092 4448092 160
3541614 3541614 202
2505676 2505676 NA
3271929 3271929 140
3755925 3755925 115
3068925 3068925 135
3138175 3138175 139
1424863 1424863 132
5323743 5323743 155
5590633 5590633 158
1813741 1813741 135
4637695 4637695 144
2823290 2823290 125
1438097 1438097 139
3060992 3060992 161
3638636 3638636 136
5830410 5830410 118
2888695 2888695 128
2583514 2583514 125
1146939 1146939 155
1640828 1640828 159
3058021 3058021 172
3997649 3997649 130
4548159 4548159 144
1955765 1955765 131
5067334 5067334 118
4384109 4384109 138
2573225 2573225 155
2329287 2329287 125
2384303 2384303 146
2741234 2741234 134
3414665 3414665 165
4172948 4172948 153
4639446 4639446 114
4832461 4832461 NA
1104414 1104414 153
5891221 5891221 177
3589026 3589026 163
5753768 5753768 129
2111101 2111101 143
3964812 3964812 134
3771510 3771510 178
3379488 3379488 170
2135426 2135426 158
1223516 1223516 122
1651846 1651846 144
3682799 3682799 124
3758684 3758684 134
4002747 4002747 154
4935761 4935761 142
5321753 5321753 153
2604623 2604623 112
1075362 1075362 112
4497785 4497785 128
1308244 1308244 140
2924998 2924998 139
4240896 4240896 131
1042900 1042900 174
5306092 5306092 153
4283825 4283825 125
3882094 3882094 120
4301839 4301839 120
1561030 1561030 136
4591861 4591861 122
1137562 1137562 130
5063335 5063335 117
1186649 1186649 136
1559100 1559100 166
5754636 5754636 123
5634400 5634400 202
4709211 4709211 144
4341841 4341841 173
5179578 5179578 124
5719152 5719152 140
5128449 5128449 145
1389636 1389636 148
3831717 3831717 134
4313079 4313079 154
3937851 3937851 164
5069894 5069894 155
5179448 5179448 145
2942117 2942117 176
1323246 1323246 102
2868133 2868133 113
3330908 3330908 145
3270861 3270861 150
4231803 4231803 131
5306895 5306895 149
1005319 1005319 143
3412972 3412972 133
5820461 5820461 100
5725604 5725604 130
2516588 2516588 146
3107227 3107227 115
5686241 5686241 140
2240945 2240945 155
1293717 1293717 109
2024165 2024165 122
1338909 1338909 168
1010087 1010087 141
2636439 2636439 105
3769046 3769046 156
5136655 5136655 138
2546278 2546278 149
1260311 1260311 152
2759388 2759388 127
2320263 2320263 154
5504478 5504478 129
3223645 3223645 146
1269975 1269975 146
2638026 2638026 162
3696076 3696076 123
1861199 1861199 145
2003133 2003133 145
2852402 2852402 130
5217081 5217081 162
2757780 2757780 121
4345906 4345906 121
2205819 2205819 119
1172163 1172163 135
5373895 5373895 149
4368530 4368530 139
2957219 2957219 128
5020713 5020713 174
5242037 5242037 156
2352263 2352263 108
1939815 1939815 131
5594149 5594149 121
5354503 5354503 129
1224569 1224569 137
4987519 4987519 130
1324277 1324277 139
5046848 5046848 146
2674842 2674842 124
1537893 1537893 167
1106822 1106822 107
3211991 3211991 117
5201979 5201979 126
5024536 5024536 122
2105477 2105477 166
3048980 3048980 158
1984835 1984835 127
1551759 1551759 107
2121722 2121722 126
2296303 2296303 119
5429964 5429964 201
4655082 4655082 135
2422228 2422228 172
2809002 2809002 158
2272948 2272948 172
5838162 5838162 144
4000112 4000112 153
4374999 4374999 140
4126361 4126361 130
4351963 4351963 157
3761904 3761904 147
4035370 4035370 147
5778454 5778454 150
1695622 1695622 124
3748569 3748569 151
4983643 4983643 146
1270652 1270652 149
4542316 4542316 131
2055510 2055510 134
2413947 2413947 139
3335250 3335250 125
1871349 1871349 107
3681572 3681572 134
1820674 1820674 159
4873636 4873636 131
2684995 2684995 128
5502481 5502481 133
2179520 2179520 128
2042284 2042284 145
1593672 1593672 118
3891269 3891269 131
1378378 1378378 126
5108859 5108859 163
5602930 5602930 120
2563324 2563324 130
3945788 3945788 127
2427303 2427303 136
5100875 5100875 122
3780765 3780765 167
5340293 5340293 196
5446520 5446520 152
2622196 2622196 162
3997438 3997438 142
4301759 4301759 114
2372361 2372361 126
2545260 2545260 140
5211329 5211329 132
2623879 2623879 168
4792600 4792600 156
5020655 5020655 NA
5870064 5870064 180
1646704 1646704 135
2787987 2787987 150
2278434 2278434 155
1726089 1726089 112
5050785 5050785 136
2093580 2093580 177
1638404 1638404 152
5549297 5549297 134
1772863 1772863 118
2575556 2575556 157
5137688 5137688 152
4326870 4326870 135
1170625 1170625 117
4898798 4898798 170
4219792 4219792 117
1524615 1524615 136
5804629 5804629 127
2318992 2318992 165
5387079 5387079 139
3464749 3464749 131
1928209 1928209 140
4429023 4429023 143
3691049 3691049 127
4028625 4028625 133
5599077 5599077 175
5495911 5495911 142
4111952 4111952 136
1438828 1438828 136
2388837 2388837 129
5198485 5198485 108
4231835 4231835 178
5778066 5778066 106
5576971 5576971 134
4428834 4428834 133
4306416 4306416 NA
2506632 2506632 149
2727066 2727066 172
5383615 5383615 192
4133252 4133252 126
2531009 2531009 129
5199572 5199572 148
4719872 4719872 122
2139950 2139950 118
5217028 5217028 118
1313894 1313894 154
1573579 1573579 148
3621602 3621602 112
5067381 5067381 157
4952077 4952077 174
4311782 4311782 135
1987975 1987975 152
